0 0.728852 0.533944 0.078889 0.113400
0 0.480681 0.533333 0.062459 0.107244
0 0.317156 0.675700 0.047674 0.078889
0 0.380430 0.676933 0.075615 0.081356
0 0.512733 0.671383 0.050948 0.080122
0 0.561222 0.670767 0.036163 0.081356
0 0.602304 0.670150 0.039452 0.082589
0 0.668867 0.670150 0.090385 0.085056
0 0.264563 0.803278 0.083822 0.070267
0 0.335237 0.804511 0.050948 0.067800
0 0.387830 0.801433 0.047659 0.073956
0 0.442889 0.799583 0.049304 0.070256
0 0.496304 0.794033 0.047659 0.069022
1 0.805281 0.782939 0.044370 0.066567
1 0.752689 0.780478 0.044370 0.071489
1 0.705852 0.792800 0.062459 0.066556
5 0.416593 0.393428 0.046015 0.066567
5 0.350030 0.379867 0.080533 0.088756
5 0.269496 0.383567 0.070667 0.081356
5 0.193067 0.383561 0.069037 0.093678
5 0.098570 0.378022 0.106830 0.099844
1 0.446993 0.673850 0.060800 0.082589
1 0.792956 0.670150 0.069022 0.077656
1 0.848837 0.535183 0.095333 0.103544
7 0.382074 0.553056 0.049304 0.060400
7 0.571074 0.531483 0.078889 0.066567
7 0.117467 0.810056 0.085452 0.073956
7 0.133074 0.680017 0.103541 0.087522
7 0.307296 0.554906 0.060815 0.061633
7 0.217719 0.557983 0.062459 0.072722
7 0.122393 0.533944 0.128193 0.110933
0 0.797881 0.890794 0.062459 0.072722
0 0.732141 0.898811 0.065733 0.071489
0 0.657363 0.895111 0.057511 0.073956
0 0.597378 0.902511 0.052593 0.078889
0 0.532459 0.903128 0.067378 0.077656
0 0.463430 0.908056 0.067393 0.072733
0 0.174993 0.923461 0.108474 0.066567
0 0.646681 0.790956 0.046015 0.067800
0 0.596556 0.786022 0.050948 0.067800
0 0.548074 0.794033 0.046015 0.069022
0 0.640933 0.529628 0.077244 0.119567
