11 0.683877 0.422240 0.043118 0.118370
2 0.802445 0.103388 0.104909 0.137476
2 0.888677 0.083339 0.047427 0.150833
2 0.941132 0.084293 0.048864 0.145109
2 0.785200 0.276178 0.104909 0.135568
2 0.869277 0.277132 0.048864 0.168007
2 0.924605 0.275223 0.058918 0.156558
2 0.776577 0.445145 0.061791 0.129831
2 0.854905 0.462331 0.074736 0.141280
2 0.925323 0.473792 0.054609 0.164203
2 0.760050 0.590254 0.060355 0.114565
2 0.834782 0.627488 0.063236 0.139372
2 0.906641 0.642760 0.045991 0.162283
2 0.762923 0.802186 0.100609 0.164203
2 0.869277 0.869970 0.083355 0.181389
11 0.633577 0.136793 0.051736 0.105012
11 0.697532 0.127252 0.056045 0.131751
11 0.635014 0.266630 0.048864 0.116473
11 0.689632 0.277132 0.048864 0.122186
11 0.581836 0.274263 0.034491 0.089734
11 0.555973 0.386914 0.037364 0.097379
11 0.598364 0.406963 0.030182 0.091655
11 0.636455 0.408871 0.057491 0.110737
11 0.553095 0.507198 0.037373 0.093551
11 0.591900 0.514837 0.025873 0.093563
11 0.635014 0.524384 0.037373 0.082101
11 0.681005 0.545393 0.045991 0.063007
11 0.435968 0.276178 0.018682 0.074457
11 0.460395 0.271401 0.021555 0.087826
11 0.485550 0.276178 0.022991 0.105012
11 0.510700 0.272361 0.021564 0.097379
11 0.436686 0.364004 0.022991 0.055374
11 0.455368 0.367826 0.017245 0.074469
11 0.487705 0.377367 0.024427 0.082101
11 0.511418 0.379275 0.020127 0.085918
11 0.435250 0.454698 0.022991 0.072560
11 0.459682 0.460423 0.025873 0.076377
11 0.492014 0.468062 0.021555 0.076365
11 0.508541 0.482385 0.017245 0.066824
