1 0.256504 0.716333 0.048800 0.075600
1 0.312207 0.715133 0.056237 0.066844
1 0.367385 0.712350 0.051985 0.070833
1 0.422563 0.715928 0.045630 0.060478
1 0.463941 0.711550 0.037126 0.056500
1 0.511689 0.714339 0.045630 0.050922
1 0.554126 0.712350 0.037141 0.053322
1 0.592326 0.717122 0.032889 0.042178
1 0.621504 0.714739 0.031837 0.046944
1 0.654400 0.716328 0.031822 0.043767
1 0.248548 0.817000 0.049867 0.074800
1 0.298941 0.813817 0.053052 0.073211
1 0.357304 0.811028 0.050933 0.072411
1 0.409296 0.813817 0.038207 0.060478
1 0.453874 0.814211 0.042474 0.051733
1 0.495244 0.809439 0.038193 0.051722
1 0.531852 0.809044 0.018044 0.046156
1 0.565800 0.809839 0.037141 0.044567
1 0.606126 0.812622 0.030770 0.039000
1 0.644822 0.811428 0.033911 0.042967
5 0.255437 0.621233 0.033956 0.062067
5 0.301067 0.619639 0.053067 0.060478
5 0.351467 0.622822 0.037126 0.054111
5 0.392844 0.623617 0.045630 0.052522
5 0.441126 0.618050 0.046696 0.060478
5 0.491526 0.618844 0.039259 0.060489
5 0.538215 0.622822 0.045615 0.054111
