5 0.233156 0.631183 0.040326 0.074011
5 0.285148 0.628394 0.059422 0.065256
5 0.339800 0.633567 0.047748 0.054911
5 0.390200 0.636356 0.042444 0.054111
5 0.435822 0.630383 0.053067 0.069233
5 0.492059 0.632772 0.038193 0.064456
1 0.234222 0.731056 0.050933 0.079578
1 0.296822 0.733839 0.061556 0.078789
1 0.360481 0.731850 0.059422 0.074811
1 0.414600 0.734233 0.046681 0.068444
1 0.458630 0.729856 0.037141 0.058089
1 0.516993 0.728661 0.056237 0.052522
1 0.566333 0.729856 0.036074 0.050133
1 0.605059 0.737817 0.030770 0.037411
1 0.642200 0.742194 0.030770 0.049344
1 0.681459 0.740600 0.037141 0.047756
1 0.223607 0.838483 0.053052 0.074811
1 0.283556 0.838089 0.062607 0.078778
1 0.340852 0.836494 0.047748 0.078789
1 0.624689 0.844850 0.040311 0.042967
1 0.664474 0.842861 0.039259 0.035811
1 0.574822 0.844056 0.040311 0.041378
1 0.394437 0.847639 0.036074 0.053322
