0 0.341704 0.504572 0.055170 0.065256
0 0.103496 0.401911 0.049867 0.055711
0 0.063704 0.399922 0.021215 0.054911
0 0.159733 0.403506 0.052000 0.060478
0 0.217563 0.405889 0.048815 0.057289
0 0.264252 0.411061 0.027585 0.051722
0 0.402193 0.416628 0.044563 0.048544
0 0.443570 0.419417 0.033956 0.047744
0 0.476993 0.421411 0.032889 0.050133
0 0.510415 0.421006 0.025452 0.052522
0 0.536415 0.424989 0.022281 0.046156
0 0.119407 0.501783 0.066844 0.067633
0 0.179363 0.502583 0.050933 0.069233
0 0.235067 0.506556 0.054104 0.067644
0 0.285467 0.502578 0.048800 0.061267
0 0.393170 0.503372 0.045630 0.058100
0 0.440385 0.502978 0.044563 0.062067
0 0.484948 0.503772 0.046696 0.055700
0 0.532163 0.504567 0.045630 0.049333
0 0.071659 0.502178 0.039259 0.071622
0 0.067496 0.618878 0.036681 0.065333
0 0.117941 0.620600 0.058696 0.072911
0 0.174793 0.611656 0.058681 0.066022
0 0.231193 0.610278 0.054119 0.066022
0 0.282548 0.610967 0.037600 0.064644
0 0.325193 0.606494 0.058681 0.065344
0 0.381133 0.605122 0.045852 0.059844
0 0.432030 0.604433 0.041274 0.059844
0 0.471467 0.603400 0.037600 0.057778
0 0.512726 0.600306 0.037600 0.052967
0 0.075296 0.727550 0.046770 0.085967
0 0.129852 0.724111 0.055022 0.080467
0 0.203681 0.720328 0.076104 0.071522
0 0.277963 0.716200 0.072459 0.057778
0 0.344452 0.708289 0.049526 0.057089
0 0.400844 0.703822 0.057778 0.071533
0 0.456333 0.697283 0.045852 0.073589
0 0.499430 0.692128 0.040341 0.070144
0 0.120689 0.845850 0.049526 0.091478
0 0.189926 0.838967 0.048593 0.083222
0 0.257785 0.832094 0.061437 0.077722
0 0.323815 0.829000 0.046770 0.068778
0 0.387548 0.815933 0.047689 0.068778
0 0.443956 0.812144 0.055941 0.055711
0 0.506763 0.793233 0.066030 0.074289
0 0.066119 0.852728 0.037600 0.092856
7 0.621859 0.684906 0.022919 0.070833
7 0.654415 0.682500 0.042193 0.068778
7 0.697978 0.678372 0.043096 0.064656
7 0.731904 0.676311 0.028430 0.057778
7 0.761252 0.676994 0.028430 0.052278
7 0.791519 0.675961 0.028430 0.050211
7 0.825904 0.672183 0.033022 0.046767
7 0.853422 0.672178 0.018341 0.042644
7 0.874044 0.671494 0.019259 0.044011
7 0.898807 0.670467 0.026593 0.041956
7 0.619563 0.780167 0.027511 0.070156
7 0.647993 0.778100 0.029348 0.071533
7 0.793807 0.765378 0.025689 0.050200
7 0.820400 0.766411 0.025689 0.045400
7 0.843785 0.762967 0.021081 0.041267
7 0.874970 0.761594 0.028430 0.039900
5 0.642956 0.595839 0.044933 0.052278
5 0.682844 0.599961 0.033007 0.045389
5 0.710807 0.600306 0.026593 0.039211
5 0.739244 0.589300 0.039437 0.055711
5 0.777304 0.591367 0.038519 0.051578
5 0.808474 0.595150 0.020178 0.037144
7 0.083230 0.289406 0.055496 0.063700
7 0.156185 0.296600 0.061644 0.068844
7 0.213037 0.310467 0.045215 0.048289
7 0.256193 0.313806 0.034252 0.048811
