4 0.614807 0.185878 0.103037 0.095711
4 0.576859 0.840117 0.082193 0.027744
4 0.502193 0.843967 0.061659 0.033400
4 0.573430 0.914350 0.035630 0.062167
4 0.497393 0.920006 0.032889 0.070389
3 0.439511 0.915378 0.056859 0.013867
3 0.377170 0.919233 0.058222 0.013356
3 0.315519 0.919489 0.060963 0.011822
3 0.437800 0.937217 0.061644 0.024656
3 0.376141 0.936961 0.060281 0.023122
3 0.313467 0.939528 0.060978 0.023122
3 0.439859 0.892006 0.054800 0.028767
3 0.378541 0.895861 0.060963 0.028256
3 0.314837 0.898167 0.065081 0.025689
3 0.437793 0.859378 0.057541 0.033400
3 0.379570 0.863494 0.063022 0.032367
3 0.315519 0.865289 0.060963 0.034933
4 0.330926 0.794611 0.089496 0.049000
4 0.422548 0.791950 0.065333 0.041544
4 0.519844 0.793550 0.100844 0.044744
4 0.598681 0.791950 0.056830 0.039411
4 0.605785 0.744006 0.056815 0.045811
4 0.516296 0.736550 0.096593 0.058589
4 0.430356 0.749333 0.075289 0.041556
4 0.336607 0.736017 0.098015 0.061789
4 0.533341 0.635344 0.073852 0.018111
4 0.603659 0.631611 0.069600 0.017044
4 0.610763 0.609772 0.061081 0.022367
4 0.612881 0.585806 0.059659 0.025567
4 0.534763 0.612433 0.068193 0.019178
4 0.530504 0.585272 0.076711 0.028767
4 0.601526 0.661978 0.068178 0.039422
4 0.531207 0.662506 0.058237 0.029833
4 0.451667 0.640667 0.086652 0.088422
4 0.345133 0.623622 0.112222 0.107600
4 0.578793 0.490456 0.107956 0.103333
4 0.471548 0.488328 0.109378 0.099078
4 0.350096 0.479267 0.110800 0.112933
4 0.380200 0.159722 0.131570 0.123044
4 0.350867 0.329733 0.099867 0.112356
4 0.458667 0.339839 0.095111 0.094522
4 0.580333 0.342217 0.127600 0.106411
