0 0.397089 0.867544 0.071096 0.083578
5 0.968481 0.664206 0.042444 0.054122
5 0.927096 0.661817 0.044563 0.060478
5 0.870326 0.657839 0.054104 0.066856
1 0.975904 0.865544 0.040311 0.076400
1 0.922319 0.863156 0.060489 0.076400
1 0.861837 0.863950 0.052000 0.079589
1 0.815156 0.863950 0.035022 0.081167
1 0.935052 0.759700 0.058370 0.074800
1 0.879348 0.761289 0.050933 0.076400
1 0.830533 0.761689 0.038193 0.078778
0 0.722311 0.657839 0.021215 0.065256
0 0.195244 0.655017 0.038519 0.070633
9 0.681481 0.867144 0.056296 0.084378
9 0.610904 0.869122 0.078519 0.086733
0 0.716119 0.549550 0.060504 0.063278
0 0.537689 0.867928 0.067911 0.082767
0 0.247970 0.654094 0.059615 0.072900
0 0.303919 0.653400 0.044933 0.068778
0 0.356644 0.653750 0.051363 0.066722
0 0.410289 0.654094 0.048607 0.064656
0 0.471733 0.656156 0.055941 0.066022
0 0.525370 0.652372 0.049556 0.072211
0 0.579489 0.655467 0.049526 0.068778
0 0.632215 0.657183 0.046770 0.063967
0 0.685874 0.656156 0.047689 0.068778
0 0.203978 0.756911 0.058356 0.080378
0 0.264459 0.757311 0.071081 0.081178
0 0.343511 0.756917 0.078519 0.078789
0 0.416726 0.755722 0.061541 0.081178
0 0.481444 0.756917 0.057289 0.074011
0 0.541393 0.755722 0.056237 0.076400
0 0.607185 0.754128 0.052000 0.073211
0 0.666607 0.756117 0.066844 0.074011
0 0.209815 0.867533 0.042444 0.083556
0 0.264467 0.865539 0.064726 0.082767
0 0.327593 0.865544 0.063659 0.079578
0 0.469244 0.866733 0.068978 0.078778
0 0.188363 0.539578 0.043096 0.070844
0 0.239719 0.540267 0.059615 0.069467
0 0.300252 0.540611 0.057778 0.068778
0 0.356193 0.543011 0.054104 0.066711
0 0.420874 0.543356 0.066104 0.068778
0 0.481363 0.543361 0.051348 0.063278
0 0.539141 0.545422 0.055022 0.064644
0 0.597370 0.546111 0.059600 0.066022
0 0.657437 0.548172 0.056859 0.063278
