0 0.628859 0.460039 0.039911 0.057989
9 0.685859 0.878217 0.062385 0.081100
9 0.616726 0.878606 0.073807 0.084989
7 0.574304 0.357594 0.042622 0.037433
7 0.502052 0.355256 0.027037 0.035867
7 0.448519 0.347456 0.046785 0.049911
7 0.399126 0.343950 0.049896 0.060033
7 0.347148 0.342000 0.054059 0.062378
7 0.289444 0.333422 0.065496 0.071733
7 0.215111 0.329133 0.068622 0.074067
7 0.652941 0.346889 0.072667 0.062889
7 0.748896 0.351078 0.074533 0.060089
0 0.539652 0.880278 0.072667 0.081044
0 0.470719 0.878883 0.054030 0.081056
0 0.412022 0.878183 0.052163 0.079656
0 0.368667 0.448006 0.057926 0.065544
0 0.341222 0.878183 0.074533 0.079656
0 0.265763 0.876783 0.065215 0.079656
0 0.208933 0.879578 0.052178 0.085244
0 0.681259 0.768489 0.061481 0.072667
0 0.618837 0.769883 0.055896 0.072656
0 0.560156 0.768483 0.054030 0.078256
0 0.488415 0.769183 0.078252 0.079656
0 0.429726 0.769183 0.042859 0.079656
0 0.377556 0.767094 0.054044 0.078256
0 0.295570 0.767094 0.098756 0.078256
0 0.209837 0.767778 0.049956 0.078578
0 0.707422 0.670500 0.052385 0.059867
0 0.648807 0.669567 0.049881 0.061733
0 0.592689 0.664889 0.047393 0.059867
0 0.540311 0.663950 0.052385 0.065478
0 0.480437 0.662083 0.062356 0.065478
0 0.420578 0.662083 0.042400 0.065478
0 0.373185 0.662083 0.042400 0.072967
0 0.310830 0.662083 0.072326 0.065478
0 0.258452 0.659278 0.032430 0.063600
0 0.207311 0.662083 0.049881 0.069211
0 0.728630 0.463783 0.049881 0.057989
0 0.678741 0.460978 0.044889 0.059867
0 0.303452 0.447794 0.065748 0.065122
0 0.239185 0.443833 0.059111 0.063000
0 0.194400 0.442656 0.025719 0.063356
0 0.581993 0.457133 0.043719 0.057222
0 0.204822 0.545594 0.034919 0.062744
0 0.252533 0.546056 0.057363 0.060333
0 0.313326 0.547272 0.057378 0.060344
0 0.375681 0.553550 0.057378 0.065544
0 0.437267 0.552500 0.055837 0.063889
0 0.497111 0.553389 0.060296 0.062111
0 0.560259 0.554944 0.062356 0.059000
0 0.618193 0.556772 0.044889 0.059100
0 0.674311 0.557389 0.052385 0.058778
0 0.732215 0.559183 0.054059 0.055633
0 0.418081 0.454433 0.032430 0.061733
0 0.465474 0.469394 0.047393 0.035544
0 0.531578 0.459106 0.049881 0.056122
