0 0.343185 0.494333 0.047556 0.056467
0 0.267896 0.405167 0.044385 0.051711
0 0.539748 0.416756 0.034874 0.042800
0 0.504881 0.416161 0.026948 0.043989
0 0.471985 0.413489 0.034074 0.046956
0 0.408185 0.413189 0.036459 0.040422
0 0.374889 0.410517 0.028533 0.041011
0 0.127993 0.493444 0.062622 0.061822
0 0.183874 0.492844 0.049141 0.061822
0 0.236193 0.494628 0.053896 0.060633
0 0.462785 0.588917 0.040415 0.048744
0 0.504000 0.585944 0.035674 0.052311
0 0.085511 0.706911 0.046756 0.077867
0 0.145319 0.698589 0.064919 0.079067
0 0.205585 0.695617 0.057067 0.073122
0 0.488148 0.670356 0.048356 0.064200
0 0.441778 0.672728 0.044385 0.067767
0 0.079170 0.815694 0.046756 0.079056
0 0.129896 0.808856 0.046756 0.073711
0 0.319719 0.792211 0.053896 0.061822
0 0.375200 0.786272 0.047556 0.053500
0 0.252348 0.795483 0.055481 0.067167
0 0.189341 0.802617 0.048341 0.075500
7 0.629474 0.661317 0.050444 0.063967
7 0.675778 0.659250 0.036681 0.063967
7 0.625348 0.745917 0.038519 0.062589
7 0.664770 0.742817 0.036681 0.060522
7 0.699622 0.746944 0.023837 0.052267
7 0.729889 0.746256 0.033022 0.039889
7 0.766111 0.742817 0.024756 0.038522
7 0.710630 0.660278 0.027511 0.055022
7 0.737681 0.656500 0.026593 0.051578
7 0.770696 0.655811 0.021096 0.043333
0 0.421970 0.591289 0.038044 0.054689
0 0.376000 0.591883 0.044385 0.055878
0 0.328837 0.592778 0.045170 0.060044
0 0.281281 0.593967 0.043600 0.056467
0 0.231319 0.597811 0.046696 0.060600
0 0.178244 0.599022 0.048341 0.061822
0 0.122763 0.601694 0.053111 0.058856
0 0.074815 0.603478 0.031704 0.062422
0 0.073704 0.398928 0.015852 0.060633
0 0.079644 0.492844 0.032504 0.061822
0 0.527067 0.495228 0.041215 0.048744
0 0.480704 0.496117 0.042000 0.049344
0 0.437111 0.495222 0.043585 0.052311
0 0.392326 0.495522 0.044385 0.056467
0 0.290874 0.493739 0.050726 0.055278
0 0.108326 0.399478 0.053867 0.055622
0 0.164452 0.400411 0.056281 0.056467
0 0.219541 0.403978 0.047556 0.052911
