12 0.690793 0.898006 0.060489 0.039789
12 0.811437 0.828539 0.110341 0.056500
12 0.158141 0.922683 0.058356 0.052522
12 0.221807 0.929428 0.054104 0.048500
12 0.278578 0.933817 0.050933 0.052522
12 0.350719 0.918300 0.042444 0.029444
12 0.349667 0.977656 0.070030 0.044689
12 0.425000 0.968839 0.046681 0.036611
12 0.505637 0.973611 0.063659 0.042978
12 0.579385 0.967639 0.060489 0.040589
12 0.649948 0.967244 0.063659 0.047756
12 0.719978 0.964461 0.063659 0.048544
12 0.630311 0.911933 0.066844 0.050133
12 0.758170 0.892839 0.059422 0.032633
12 0.492378 0.929044 0.064726 0.030244
12 0.476459 0.900794 0.054104 0.021478
12 0.415452 0.903978 0.044563 0.011933
12 0.222333 0.977989 0.053052 0.024667
12 0.150185 0.978783 0.055185 0.024678
12 0.514341 0.809044 0.067911 0.046156
10 0.806133 0.558361 0.142193 0.140056
10 0.220956 0.719911 0.119896 0.047756
10 0.218304 0.673356 0.114593 0.046956
12 0.198674 0.778406 0.164459 0.048544
12 0.233163 0.837689 0.244044 0.038200
12 0.397622 0.799494 0.125200 0.057300
10 0.190711 0.558367 0.150667 0.084356
10 0.342978 0.560356 0.149600 0.075600
10 0.509570 0.564328 0.145363 0.140856
10 0.658119 0.553189 0.155970 0.152000
12 0.689948 0.817794 0.141111 0.055700
