2 0.170800 0.697222 0.042963 0.081022
2 0.071978 0.566939 0.031926 0.041433
2 0.103281 0.563256 0.025793 0.035911
2 0.165889 0.509394 0.035600 0.034989
2 0.154844 0.618039 0.020859 0.047878
2 0.135815 0.694922 0.029467 0.081956
2 0.092844 0.699989 0.027022 0.042356
2 0.058467 0.691700 0.024548 0.038667
2 0.030230 0.689400 0.024548 0.037756
2 0.071978 0.610211 0.027007 0.045111
2 0.098370 0.609756 0.025778 0.042356
2 0.042511 0.606528 0.022089 0.039589
2 0.014274 0.601006 0.024548 0.037744
2 0.296637 0.634611 0.054015 0.066289
2 0.352496 0.639217 0.055244 0.066300
2 0.396089 0.575228 0.076119 0.070900
2 0.428000 0.642900 0.078578 0.062622
2 0.464222 0.575222 0.047881 0.065378
2 0.403452 0.503406 0.054015 0.054322
2 0.396089 0.446317 0.056474 0.058011
2 0.509030 0.462428 0.058919 0.046033
2 0.462378 0.514456 0.063837 0.048800
2 0.449489 0.458750 0.035600 0.062611
2 0.497363 0.637839 0.047881 0.058011
2 0.514556 0.577983 0.035600 0.054322
2 0.331630 0.707356 0.055259 0.071822
2 0.397919 0.713339 0.074889 0.072744
2 0.470356 0.711956 0.040504 0.066289
2 0.518237 0.704594 0.042963 0.051567
2 0.295415 0.762139 0.051570 0.056167
2 0.365393 0.775489 0.071200 0.071822
2 0.443348 0.778711 0.060148 0.058000
2 0.326104 0.827511 0.051556 0.063533
2 0.400378 0.845006 0.079807 0.074589
2 0.474044 0.839939 0.047881 0.062611
2 0.242622 0.753850 0.049096 0.052478
2 0.227896 0.807717 0.036830 0.058922
2 0.259815 0.694461 0.027007 0.060767
2 0.227889 0.690322 0.029467 0.063533
2 0.213770 0.521817 0.040519 0.043278
2 0.255511 0.524122 0.042963 0.053400
2 0.227274 0.431583 0.040504 0.052478
2 0.262259 0.426983 0.027007 0.054322
2 0.183689 0.431583 0.039289 0.045122
2 0.141956 0.434344 0.041748 0.046956
2 0.071363 0.440794 0.030696 0.037744
2 0.102052 0.437111 0.030681 0.035911
2 0.035763 0.438950 0.025778 0.045122
2 0.011437 0.438489 0.022874 0.053400
2 0.016119 0.517217 0.028237 0.045122
2 0.043126 0.510311 0.025778 0.044200
2 0.071363 0.511689 0.023319 0.034067
2 0.098985 0.511233 0.029467 0.042356
2 0.015504 0.557733 0.027007 0.035911
2 0.042504 0.561411 0.019644 0.035911
