0 0.551904 0.471622 0.059422 0.100267
0 0.206526 0.485550 0.083837 0.116989
0 0.283452 0.485944 0.072148 0.105044
0 0.351889 0.478383 0.075333 0.107433
0 0.419800 0.480378 0.064726 0.101867
0 0.487711 0.475600 0.064726 0.103444
0 0.400170 0.630383 0.040311 0.089922
0 0.352422 0.642322 0.053052 0.083556
0 0.280800 0.645906 0.058370 0.085944
0 0.207585 0.665000 0.060474 0.095489
0 0.604956 0.470028 0.031837 0.098678
0 0.575778 0.854800 0.022281 0.054911
0 0.545000 0.864744 0.030770 0.058889
0 0.511052 0.878272 0.028652 0.042967
0 0.471259 0.881856 0.031822 0.048533
0 0.421385 0.898567 0.059422 0.058089
0 0.366222 0.905333 0.050933 0.055711
0 0.319533 0.919656 0.046681 0.066844
0 0.280267 0.933989 0.038193 0.058867
0 0.228815 0.947111 0.056237 0.069244
0 0.573652 0.734233 0.030770 0.047756
0 0.537578 0.741394 0.043511 0.060478
0 0.501504 0.750150 0.035007 0.066856
0 0.452163 0.763283 0.050933 0.051722
0 0.401230 0.785167 0.055170 0.062067
0 0.339689 0.781189 0.042430 0.068444
0 0.292474 0.794317 0.049867 0.056500
0 0.243133 0.809039 0.053052 0.063656
0 0.193267 0.814611 0.048815 0.070022
0 0.444733 0.628394 0.040311 0.073211
