14 0.579956 0.455056 0.052593 0.062867
14 0.665415 0.466156 0.036163 0.057933
14 0.533933 0.517922 0.039452 0.045600
14 0.575022 0.515456 0.036148 0.045600
14 0.501889 0.603589 0.050948 0.044378
14 0.552837 0.617767 0.044370 0.053000
14 0.506000 0.655367 0.049304 0.041911
14 0.455044 0.660294 0.046030 0.046833
14 0.580778 0.742261 0.037793 0.050544
14 0.627615 0.732400 0.046015 0.057933
14 0.527363 0.742267 0.055881 0.053000
14 0.474770 0.748428 0.046015 0.048078
13 0.369578 0.445817 0.075600 0.022189
13 0.453400 0.447044 0.078889 0.024644
13 0.462437 0.468617 0.057526 0.013567
13 0.365474 0.473550 0.080519 0.033278
13 0.367941 0.506217 0.055881 0.017256
13 0.464081 0.503750 0.064104 0.012322
13 0.367119 0.527783 0.060815 0.013567
13 0.364652 0.317022 0.055881 0.050489
13 0.427926 0.313917 0.064089 0.064100
13 0.484630 0.315150 0.039452 0.061633
13 0.212622 0.344739 0.077244 0.066567
13 0.153459 0.349056 0.041081 0.060400
13 0.552015 0.314533 0.059170 0.062867
13 0.607896 0.313300 0.062459 0.062867
13 0.668704 0.310222 0.049319 0.061622
13 0.546259 0.361994 0.054237 0.034522
13 0.293978 0.129022 0.069022 0.069022
13 0.216733 0.166006 0.082178 0.054233
13 0.139489 0.162922 0.065733 0.060400
13 0.570911 0.138883 0.060815 0.059167
13 0.632548 0.137033 0.065748 0.062867
13 0.690067 0.141967 0.036163 0.055467
14 0.530652 0.459372 0.046015 0.064100
14 0.629259 0.470461 0.029570 0.056700
