0 0.757123 0.851855 0.063264 0.132897
0 0.815018 0.856624 0.047745 0.131309
7 0.511223 0.628230 0.068045 0.083564
7 0.429455 0.634994 0.058491 0.073212
7 0.359323 0.616691 0.055500 0.111418
7 0.302623 0.608339 0.042373 0.120170
7 0.227123 0.598782 0.081173 0.131309
7 0.595127 0.619085 0.054455 0.107261
7 0.675573 0.621552 0.054455 0.095709
8 0.751068 0.621558 0.064355 0.112206
8 0.812327 0.624030 0.050745 0.107261
0 0.521073 0.851848 0.055509 0.134485
0 0.581055 0.851055 0.062073 0.148824
0 0.642527 0.853442 0.053709 0.137673
0 0.696841 0.854636 0.054918 0.138461
0 0.306800 0.845479 0.072218 0.132897
0 0.236073 0.841103 0.064455 0.141648
0 0.369173 0.846279 0.051327 0.139273
