2 0.373304 0.517217 0.179676 0.137189
2 0.553591 0.521822 0.173555 0.148244
2 0.699646 0.526883 0.108791 0.145478
2 0.348245 0.682028 0.168673 0.126144
2 0.512647 0.685256 0.169897 0.130756
2 0.663591 0.694000 0.090457 0.122467
2 0.434417 0.810022 0.169897 0.061689
2 0.607979 0.811856 0.169882 0.076422
2 0.406917 0.895650 0.197994 0.120611
2 0.620199 0.904394 0.184558 0.123389
11 0.186305 0.847306 0.162552 0.160211
11 0.041512 0.839022 0.083024 0.156533
2 0.692743 0.122983 0.121091 0.207078
11 0.171637 0.674206 0.128348 0.116011
11 0.138024 0.515372 0.161327 0.140878
11 0.029248 0.511689 0.056224 0.133511
2 0.549572 0.335617 0.119440 0.168878
2 0.687832 0.339928 0.143982 0.165167
2 0.367950 0.336233 0.247080 0.167644
2 0.357308 0.117439 0.278156 0.188589
2 0.565937 0.123600 0.119454 0.200911
