4 0.609726 0.926817 0.075333 0.069233
4 0.345089 0.254750 0.128193 0.135589
4 0.471644 0.260917 0.111763 0.130656
4 0.355785 0.423628 0.146267 0.145456
4 0.483978 0.448894 0.106830 0.087522
4 0.610519 0.451356 0.126548 0.099844
4 0.337704 0.590033 0.136415 0.133133
4 0.451096 0.606672 0.080533 0.092456
4 0.542319 0.635028 0.069022 0.043144
4 0.631896 0.639333 0.080533 0.039444
4 0.553815 0.549972 0.078889 0.028344
4 0.643393 0.557367 0.087111 0.025889
4 0.548896 0.582022 0.082178 0.018489
4 0.512644 0.840872 0.063659 0.037411
4 0.606415 0.263383 0.154489 0.138056
4 0.323733 0.710828 0.108474 0.064100
4 0.419874 0.722539 0.067393 0.048078
4 0.529993 0.716994 0.113407 0.051767
4 0.628600 0.737944 0.060815 0.041911
4 0.622852 0.784789 0.072311 0.049311
4 0.525881 0.782328 0.118341 0.056700
4 0.427274 0.783556 0.092030 0.051778
4 0.328659 0.781711 0.115037 0.060400
3 0.305733 0.859972 0.065778 0.043767
3 0.374170 0.863156 0.064726 0.032622
3 0.444200 0.860372 0.064726 0.035011
3 0.300430 0.897772 0.072148 0.031833
3 0.375237 0.897372 0.071096 0.031033
3 0.441548 0.896578 0.065793 0.034222
3 0.306793 0.922039 0.070030 0.015122
3 0.375237 0.919656 0.068963 0.016711
3 0.442607 0.920850 0.061541 0.015922
3 0.304148 0.945522 0.073215 0.025467
3 0.374704 0.946311 0.067896 0.025467
3 0.443674 0.944328 0.061541 0.023078
4 0.500970 0.926822 0.050919 0.075600
4 0.601244 0.839678 0.073215 0.033422
