2 0.675378 0.583511 0.079793 0.080111
2 0.416333 0.789306 0.038059 0.075500
2 0.685200 0.416850 0.079793 0.026700
2 0.601719 0.420533 0.079793 0.023022
2 0.270244 0.466578 0.042978 0.063533
2 0.318126 0.467039 0.050326 0.062611
2 0.213770 0.546222 0.038059 0.029467
2 0.253674 0.541617 0.056474 0.060767
2 0.311985 0.549439 0.045422 0.058011
2 0.355570 0.554506 0.041748 0.068144
2 0.359859 0.622183 0.038059 0.069056
2 0.310141 0.612056 0.046652 0.067222
2 0.261037 0.606994 0.041748 0.062611
2 0.215000 0.600550 0.035600 0.062611
2 0.357407 0.701828 0.028237 0.023944
2 0.311370 0.691700 0.049111 0.025778
2 0.256741 0.673289 0.047881 0.029467
2 0.208859 0.656711 0.030696 0.022089
2 0.353726 0.762600 0.033141 0.075511
2 0.365393 0.467956 0.034370 0.071822
2 0.216837 0.410867 0.031926 0.014733
2 0.269637 0.411789 0.063837 0.018422
2 0.319963 0.411789 0.041733 0.018422
2 0.076889 0.674206 0.034370 0.064456
2 0.110644 0.679272 0.038059 0.067211
2 0.156681 0.692161 0.034370 0.070900
2 0.084252 0.574761 0.044207 0.064456
2 0.122926 0.576144 0.040519 0.052489
2 0.160985 0.587656 0.033141 0.055244
2 0.086089 0.461050 0.028237 0.052478
2 0.117400 0.465189 0.031926 0.057089
2 0.148704 0.465656 0.040519 0.048800
2 0.033919 0.518594 0.024548 0.047878
2 0.035756 0.564172 0.033141 0.043278
2 0.032689 0.461972 0.029467 0.045122
2 0.017341 0.649344 0.030681 0.051556
2 0.223593 0.460589 0.040519 0.064444
2 0.918467 0.838100 0.111719 0.071822
2 0.469126 0.739122 0.067526 0.059844
2 0.559363 0.760294 0.090844 0.072744
2 0.659422 0.787461 0.079793 0.073656
2 0.579622 0.667756 0.099452 0.097600
2 0.674148 0.680650 0.082252 0.092078
2 0.463607 0.803111 0.071215 0.086556
2 0.582074 0.582133 0.096978 0.086556
2 0.495526 0.571539 0.078578 0.083789
2 0.500437 0.650267 0.066296 0.081022
2 0.427385 0.564639 0.057704 0.077344
2 0.420637 0.636456 0.061393 0.068133
2 0.429230 0.472100 0.056474 0.072733
2 0.493074 0.474400 0.068756 0.071822
2 0.434141 0.424683 0.066296 0.022100
2 0.307074 0.746022 0.050326 0.068133
2 0.260422 0.738194 0.038059 0.070900
2 0.206400 0.718867 0.047881 0.065378
2 0.639778 0.866189 0.104356 0.089311
2 0.543407 0.841783 0.078578 0.079189
2 0.904341 0.932022 0.110489 0.112333
2 0.783415 0.897950 0.096993 0.119700
2 0.958970 0.727611 0.077348 0.110489
2 0.809815 0.708272 0.142415 0.117856
2 0.955244 0.626783 0.089511 0.085633
2 0.804281 0.617117 0.158370 0.079189
2 0.779119 0.488211 0.066296 0.112333
2 0.905519 0.492817 0.188963 0.127056
2 0.668015 0.478083 0.077333 0.092078
2 0.586370 0.477622 0.078578 0.078267
2 0.515163 0.423761 0.083481 0.022100
2 0.787104 0.818767 0.114178 0.086556
