11 0.667030 0.736222 0.126267 0.081178
11 0.763585 0.725883 0.052000 0.085944
11 0.171511 0.769650 0.100800 0.106633
11 0.282919 0.759300 0.100800 0.097089
11 0.437311 0.754528 0.176133 0.082767
11 0.563044 0.742194 0.075333 0.094700
11 0.221911 0.657044 0.207970 0.104244
11 0.161430 0.540856 0.110356 0.115400
11 0.268067 0.540061 0.102919 0.118567
11 0.426696 0.540061 0.184622 0.105833
11 0.378422 0.657044 0.088074 0.112200
11 0.511052 0.645900 0.170844 0.101067
11 0.565696 0.536078 0.084874 0.109022
11 0.206000 0.413528 0.212207 0.129722
11 0.520074 0.421089 0.178252 0.116178
11 0.142859 0.279439 0.113541 0.144833
11 0.251089 0.280633 0.105052 0.134489
11 0.417148 0.288189 0.210089 0.138467
11 0.569407 0.289383 0.083822 0.137678
11 0.653763 0.440983 0.072148 0.111411
11 0.766237 0.437406 0.127319 0.099478
11 0.677637 0.551206 0.130504 0.089922
11 0.778970 0.539667 0.070030 0.092311
11 0.638378 0.644311 0.077467 0.093111
11 0.747133 0.634761 0.114593 0.086744
