4 0.657578 0.362161 0.127689 0.123389
4 0.397926 0.206550 0.126459 0.106811
4 0.623822 0.238778 0.084711 0.060778
4 0.700548 0.231872 0.056474 0.069056
4 0.525600 0.209778 0.106815 0.105889
4 0.393630 0.370906 0.117867 0.116944
4 0.528059 0.366761 0.136267 0.117856
4 0.461148 0.531583 0.090859 0.051567
4 0.399156 0.659567 0.121541 0.108644
4 0.510867 0.656806 0.111719 0.093922
4 0.596193 0.664633 0.076119 0.074578
4 0.666785 0.683967 0.045422 0.050644
4 0.790163 0.691333 0.054015 0.054333
4 0.400993 0.776044 0.112948 0.102200
4 0.512711 0.779722 0.115407 0.093000
4 0.625044 0.779722 0.092074 0.063533
3 0.369133 0.879111 0.048104 0.025333
3 0.420052 0.880267 0.050652 0.025333
3 0.479667 0.880072 0.057319 0.027256
3 0.367859 0.901756 0.046563 0.015356
3 0.421074 0.904633 0.051689 0.019578
3 0.478133 0.903483 0.057304 0.020344
3 0.368881 0.923439 0.044519 0.023411
3 0.422356 0.926128 0.058341 0.023411
3 0.477363 0.927278 0.051674 0.021111
