0 0.561607 0.587522 0.037733 0.051889
0 0.242244 0.898050 0.055659 0.053900
0 0.284052 0.885594 0.042237 0.062678
0 0.348741 0.872133 0.053037 0.054622
0 0.481733 0.824606 0.058400 0.044478
0 0.395919 0.852572 0.044933 0.054589
0 0.548674 0.802372 0.039541 0.053922
0 0.264415 0.767939 0.063763 0.060456
0 0.334185 0.750344 0.061348 0.048711
0 0.394926 0.736817 0.043304 0.050522
0 0.441237 0.720122 0.044519 0.060444
0 0.495970 0.707944 0.036089 0.055933
0 0.539274 0.697567 0.048119 0.049622
0 0.231393 0.630656 0.083556 0.078844
0 0.309563 0.620883 0.067393 0.076833
0 0.386844 0.614483 0.072770 0.058633
0 0.432667 0.565961 0.006281 0.002011
0 0.467711 0.599656 0.067393 0.058622
0 0.523422 0.590222 0.033244 0.054578
0 0.330681 0.465889 0.102430 0.115911
0 0.215222 0.474983 0.078178 0.112544
0 0.267333 0.474983 0.022459 0.105811
0 0.411104 0.463528 0.049407 0.101767
0 0.462319 0.458472 0.053022 0.097033
0 0.521170 0.453756 0.061096 0.090311
0 0.571489 0.454428 0.032341 0.086256
1 0.175289 0.320767 0.037126 0.093978
1 0.228074 0.329028 0.073096 0.076567
1 0.283763 0.331422 0.035970 0.069178
1 0.316533 0.330117 0.027259 0.069167
9 0.351341 0.322722 0.043511 0.087444
9 0.399489 0.332078 0.044667 0.060911
9 0.456919 0.332944 0.049304 0.066133
9 0.549733 0.333594 0.056267 0.060478
7 0.212437 0.129739 0.076370 0.127367
7 0.297800 0.150639 0.078178 0.100411
7 0.367889 0.178939 0.051215 0.054589
7 0.433474 0.183656 0.045822 0.051889
9 0.528719 0.173550 0.062000 0.088278
9 0.579037 0.190394 0.033244 0.062678
9 0.434378 0.126039 0.056607 0.055256
9 0.369681 0.118289 0.067393 0.068067
