1 0.720637 0.284894 0.117778 0.105100
1 0.624074 0.297178 0.073215 0.099422
1 0.549252 0.306767 0.070059 0.093133
1 0.488793 0.315506 0.042444 0.086744
1 0.637874 0.512461 0.079570 0.090722
1 0.713741 0.535944 0.065793 0.054911
1 0.572615 0.509678 0.042444 0.078778
1 0.521148 0.504906 0.047748 0.077189
1 0.480837 0.501322 0.024400 0.073222
0 0.423533 0.320678 0.058356 0.089133
0 0.370489 0.324656 0.039259 0.085956
0 0.371541 0.496550 0.045630 0.060478
0 0.408681 0.500928 0.028652 0.066056
0 0.445815 0.500528 0.041378 0.060478
0 0.503644 0.448406 0.023348 0.015122
0 0.471815 0.442433 0.029704 0.014333
0 0.467570 0.426122 0.029719 0.011933
0 0.434674 0.452378 0.025467 0.016711
0 0.452822 0.666089 0.070652 0.099733
8 0.636667 0.914389 0.078874 0.138244
8 0.697644 0.951183 0.037600 0.096300
8 0.727919 0.953244 0.026593 0.082533
