13 0.370177 0.510217 0.039499 0.043522
13 0.412028 0.513767 0.043024 0.049733
13 0.450929 0.520650 0.030059 0.045744
13 0.484233 0.521983 0.031829 0.044856
13 0.525789 0.525533 0.041844 0.051067
13 0.570737 0.526494 0.046372 0.053944
13 0.621541 0.530600 0.049779 0.057022
13 0.674063 0.534200 0.048422 0.054978
13 0.723842 0.533683 0.048422 0.053944
13 0.368525 0.550122 0.040236 0.034422
13 0.408422 0.553978 0.035457 0.028778
13 0.444565 0.559117 0.030015 0.030833
13 0.483097 0.562711 0.041593 0.033911
13 0.524705 0.569650 0.038879 0.031344
13 0.567330 0.571189 0.045015 0.037511
13 0.616431 0.575300 0.051829 0.031333
13 0.670988 0.577611 0.045015 0.030822
13 0.720435 0.575556 0.038864 0.022600
13 0.402308 0.646939 0.043820 0.046056
13 0.444587 0.649239 0.037699 0.046811
13 0.486873 0.658450 0.046873 0.052967
13 0.534506 0.664206 0.048392 0.051433
13 0.583923 0.670344 0.049410 0.052200
13 0.635885 0.671694 0.048407 0.053344
13 0.680723 0.669583 0.032094 0.057567
13 0.360538 0.663822 0.036681 0.052200
13 0.401040 0.685694 0.046357 0.027633
13 0.443569 0.691067 0.035664 0.038378
13 0.485855 0.700278 0.042802 0.029933
13 0.530944 0.707189 0.042271 0.034533
13 0.582906 0.715244 0.049410 0.038378
13 0.634867 0.716978 0.049410 0.038000
13 0.678680 0.716978 0.031077 0.031089
13 0.363083 0.612017 0.032596 0.046056
13 0.310103 0.608367 0.035664 0.051800
13 0.307810 0.660756 0.033112 0.048356
