1 0.505178 0.337572 0.045644 0.070611
1 0.467563 0.338906 0.026059 0.064389
1 0.436748 0.341567 0.030830 0.059067
1 0.405096 0.345344 0.030193 0.056844
1 0.391748 0.464567 0.022430 0.047511
1 0.415459 0.465456 0.016578 0.045733
1 0.435889 0.466789 0.020726 0.051067
1 0.464015 0.470122 0.029600 0.051511
1 0.494800 0.471450 0.029600 0.055944
1 0.514956 0.190017 0.052163 0.092367
1 0.548674 0.168706 0.014207 0.034633
1 0.471111 0.203339 0.033156 0.084367
0 0.432919 0.221322 0.042015 0.067933
0 0.395304 0.224878 0.034281 0.073267
0 0.400659 0.174917 0.027244 0.013322
0 0.439141 0.171367 0.028415 0.025756
0 0.369874 0.349206 0.037881 0.058167
0 0.336126 0.356333 0.028430 0.043111
0 0.366052 0.460878 0.026711 0.046178
0 0.342052 0.459106 0.017763 0.045300
0 0.322815 0.459106 0.019556 0.041744
