1 0.597972 0.141306 0.060251 0.088033
1 0.658230 0.147494 0.051121 0.090789
1 0.706615 0.148872 0.043820 0.082544
1 0.756829 0.153344 0.040177 0.079089
1 0.802478 0.157128 0.032861 0.078411
1 0.838540 0.158500 0.033776 0.079778
1 0.875524 0.169161 0.032876 0.059833
1 0.910678 0.167783 0.033805 0.063967
1 0.950841 0.172944 0.035605 0.056400
1 0.606342 0.263289 0.063717 0.073711
1 0.659358 0.263950 0.044794 0.069722
1 0.706512 0.266611 0.048333 0.069711
1 0.761040 0.268389 0.046563 0.064378
1 0.802301 0.268389 0.035959 0.065267
1 0.840015 0.270389 0.035959 0.067489
1 0.872434 0.277050 0.026519 0.052389
1 0.901025 0.277494 0.023584 0.052389
1 0.928142 0.275494 0.025929 0.051944
1 0.954078 0.277494 0.021224 0.052389
1 0.979425 0.276383 0.031829 0.052833
7 0.046453 0.241522 0.092906 0.100356
7 0.124447 0.250628 0.056003 0.088367
7 0.188105 0.260622 0.066593 0.068378
0 0.047338 0.380067 0.094676 0.099467
0 0.143009 0.379178 0.091947 0.096800
0 0.238496 0.378289 0.094307 0.094133
0 0.328090 0.377844 0.081342 0.089689
0 0.404130 0.377183 0.064838 0.089256
0 0.477220 0.375406 0.076622 0.085700
0 0.547360 0.372739 0.060118 0.081256
0 0.054307 0.512172 0.098437 0.086589
0 0.135649 0.507728 0.060708 0.083033
0 0.201954 0.504622 0.069543 0.077711
0 0.279462 0.499072 0.079572 0.081700
0 0.349314 0.495072 0.057773 0.075478
0 0.407965 0.493522 0.058348 0.075044
0 0.467788 0.489078 0.061298 0.071489
0 0.531748 0.485744 0.058363 0.071933
0 0.072286 0.633172 0.094307 0.081700
0 0.161586 0.625844 0.079572 0.080378
0 0.236143 0.618294 0.071903 0.075922
0 0.303923 0.610744 0.064838 0.070600
0 0.366114 0.602306 0.053643 0.065278
0 0.418282 0.594983 0.041254 0.066611
0 0.461895 0.594094 0.042434 0.065722
0 0.501681 0.587433 0.038319 0.063933
0 0.544122 0.582550 0.040664 0.064833
0 0.089373 0.755044 0.089602 0.075022
0 0.167773 0.745511 0.068378 0.075489
0 0.236438 0.737300 0.058363 0.069711
0 0.288901 0.729528 0.043024 0.066611
0 0.338709 0.725528 0.048333 0.065722
0 0.394108 0.716428 0.054233 0.065278
0 0.443333 0.716428 0.038319 0.051056
0 0.479587 0.711322 0.033009 0.050622
0 0.519668 0.704661 0.047153 0.056833
0 0.354027 0.842756 0.063658 0.088800
0 0.418864 0.833872 0.060118 0.087922
0 0.476637 0.821661 0.060118 0.089256
0 0.534108 0.812561 0.051283 0.084367
0 0.591578 0.810344 0.061298 0.094133
