2 0.504292 0.281478 0.127817 0.122422
2 0.641704 0.280450 0.143348 0.118989
2 0.397928 0.299022 0.083083 0.084600
2 0.671829 0.425917 0.077611 0.108678
2 0.601534 0.424544 0.057522 0.099044
2 0.530317 0.420756 0.068481 0.095600
2 0.649919 0.609556 0.090398 0.097667
2 0.662242 0.541122 0.067552 0.039200
2 0.553599 0.601306 0.089469 0.092167
2 0.481018 0.588578 0.053864 0.095600
11 0.297500 0.297989 0.115944 0.082533
11 0.228569 0.427294 0.049292 0.090789
11 0.277412 0.425228 0.046563 0.089411
11 0.331283 0.423850 0.053864 0.074278
11 0.389712 0.415939 0.064823 0.091478
11 0.438105 0.426944 0.024646 0.068089
11 0.472795 0.423850 0.039248 0.075656
11 0.783665 0.427978 0.082168 0.144444
11 0.859904 0.433483 0.062994 0.143056
11 0.906010 0.440017 0.025560 0.136878
11 0.832515 0.246400 0.152463 0.099044
11 0.959395 0.241239 0.081209 0.105233
11 0.844845 0.048578 0.155206 0.097156
11 0.966704 0.045139 0.066593 0.090278
11 0.370538 0.035850 0.123260 0.071700
11 0.510229 0.033183 0.139690 0.063278
11 0.659956 0.026306 0.148820 0.050900
11 0.251394 0.141517 0.104086 0.076344
11 0.371003 0.129133 0.127817 0.083222
11 0.507493 0.118133 0.134218 0.083222
11 0.650833 0.109533 0.139690 0.088044
11 0.252500 0.048661 0.107360 0.074967
11 0.026770 0.043922 0.053540 0.082867
11 0.055487 0.135994 0.110973 0.093922
11 0.139093 0.364806 0.061106 0.126144
11 0.071254 0.360661 0.069676 0.132589
11 0.016379 0.362044 0.032758 0.146400
11 0.037153 0.539289 0.074307 0.079178
11 0.053540 0.634128 0.092891 0.081033
11 0.144594 0.612494 0.089218 0.083789
11 0.108532 0.522711 0.063555 0.055244
11 0.220369 0.569217 0.069676 0.085633
11 0.290649 0.571517 0.063569 0.093922
11 0.354204 0.589472 0.051327 0.067211
11 0.416541 0.579800 0.063555 0.099444
11 0.437316 0.518111 0.058673 0.016578
11 0.367647 0.529622 0.029336 0.048800
11 0.522876 0.763500 0.112448 0.146400
11 0.636541 0.780072 0.085560 0.127989
11 0.794218 0.820583 0.127109 0.157456
11 0.918886 0.839456 0.080664 0.143644
11 0.412264 0.754289 0.096563 0.122467
11 0.236261 0.822422 0.062345 0.122467
11 0.225258 0.699506 0.067212 0.079189
11 0.300428 0.776383 0.070885 0.083789
11 0.123813 0.726667 0.069661 0.087467
11 0.145811 0.809533 0.064779 0.074578
11 0.093260 0.834394 0.050118 0.098522
11 0.035324 0.775928 0.070649 0.101278
11 0.037035 0.884117 0.069676 0.087478
