11 0.676727 0.310441 0.085364 0.097379
11 0.779250 0.306745 0.099282 0.099843
11 0.887809 0.307361 0.112273 0.108466
11 0.684614 0.114457 0.095573 0.089976
11 0.782500 0.103979 0.090927 0.103539
11 0.879927 0.098430 0.087218 0.097367
11 0.963427 0.094112 0.053818 0.103539
11 0.966214 0.017077 0.051955 0.030821
11 0.878068 0.020157 0.087209 0.032053
11 0.783895 0.023635 0.101136 0.047271
11 0.682291 0.033080 0.089073 0.062826
11 0.573273 0.054052 0.088145 0.094915
11 0.571418 0.164378 0.086291 0.096147
11 0.484200 0.062071 0.088145 0.096147
11 0.484200 0.168074 0.084436 0.091220
11 0.399300 0.072542 0.079800 0.092452
11 0.398836 0.176087 0.078873 0.089976
11 0.320895 0.084873 0.077009 0.094915
11 0.322286 0.182246 0.070518 0.085048
11 0.651000 0.497929 0.042455 0.153345
11 0.693968 0.501703 0.038318 0.152681
11 0.738236 0.503430 0.047109 0.160242
11 0.783018 0.508249 0.040382 0.156111
11 0.829355 0.509958 0.048145 0.169191
11 0.875691 0.512023 0.041418 0.159553
11 0.913223 0.510640 0.025373 0.162319
11 0.661559 0.644607 0.071882 0.083563
11 0.736141 0.645405 0.067682 0.064457
11 0.807123 0.653364 0.070682 0.067645
11 0.884400 0.666492 0.075473 0.079577
11 0.946995 0.675248 0.035336 0.081171
11 0.946395 0.775912 0.028155 0.107428
11 0.890691 0.764378 0.078473 0.109819
11 0.810718 0.751636 0.076673 0.111413
11 0.736141 0.739704 0.068882 0.108225
11 0.658268 0.736123 0.067682 0.099469
11 0.665455 0.921981 0.088055 0.146498
11 0.757409 0.928738 0.076673 0.142524
11 0.822700 0.952180 0.047927 0.090713
11 0.820605 0.857880 0.030555 0.038998
11 0.873918 0.901250 0.032945 0.049336
11 0.904464 0.904432 0.022164 0.055700
11 0.926627 0.904432 0.025764 0.042971
11 0.879605 0.971280 0.051518 0.057295
11 0.929327 0.970882 0.044327 0.056498
11 0.569314 0.892893 0.056300 0.151993
11 0.499827 0.863472 0.087455 0.134432
11 0.427645 0.669674 0.043727 0.119372
11 0.383918 0.683998 0.036545 0.079589
11 0.394100 0.612778 0.019764 0.058092
11 0.339591 0.662114 0.043727 0.104251
11 0.296464 0.659330 0.032945 0.106630
11 0.250636 0.702301 0.051509 0.095495
11 0.203909 0.732542 0.044327 0.093901
11 0.195527 0.629481 0.035945 0.088333
11 0.146705 0.646594 0.050918 0.090725
11 0.406682 0.483454 0.042527 0.103454
11 0.368941 0.489819 0.029355 0.089130
11 0.334200 0.498182 0.032945 0.110616
11 0.297659 0.496190 0.030555 0.106630
11 0.252114 0.433321 0.036500 0.149614
11 0.218568 0.426957 0.030591 0.159155
11 0.191636 0.427754 0.023364 0.160749
11 0.161982 0.430139 0.031145 0.179843
11 0.136523 0.433714 0.017373 0.169505
11 0.119755 0.428943 0.020964 0.201341
11 0.099686 0.432923 0.017973 0.191787
11 0.348277 0.354136 0.075482 0.093104
11 0.203014 0.181848 0.059300 0.117778
11 0.182645 0.077198 0.024564 0.086739
11 0.154795 0.058696 0.027555 0.117391
11 0.156291 0.165537 0.028145 0.091510
11 0.094595 0.113013 0.095245 0.163128
11 0.091895 0.014529 0.091045 0.029058
11 0.019714 0.087947 0.037736 0.151208
11 0.051141 0.428152 0.077918 0.220435
11 0.111000 0.954589 0.083218 0.090821
11 0.085536 0.802742 0.072036 0.146860
11 0.019791 0.674855 0.039582 0.151812
11 0.022895 0.838225 0.045791 0.138623
11 0.148886 0.767264 0.049682 0.112210
11 0.229005 0.611329 0.026082 0.067657
2 0.487982 0.334921 0.081982 0.132017
2 0.566859 0.339873 0.075773 0.125423
2 0.417805 0.349777 0.053409 0.102307
2 0.460659 0.499118 0.044718 0.120459
2 0.504755 0.495815 0.038509 0.123756
2 0.544500 0.495815 0.036018 0.120471
2 0.583627 0.492512 0.042236 0.100652
2 0.577418 0.691359 0.049691 0.105616
2 0.581145 0.615453 0.042236 0.033007
2 0.514073 0.683110 0.054655 0.105616
2 0.466250 0.681455 0.028573 0.105616
