11 0.711200 0.296211 0.249215 0.167578
11 0.782993 0.484033 0.196385 0.191489
11 0.593948 0.472533 0.162059 0.183222
11 0.444170 0.454117 0.125230 0.153767
11 0.322637 0.435700 0.108030 0.133511
11 0.473637 0.363422 0.120311 0.018422
11 0.511696 0.343167 0.098207 0.016578
11 0.549756 0.325672 0.061378 0.012900
11 0.219504 0.432939 0.081022 0.113256
11 0.143393 0.425572 0.066281 0.109567
11 0.089370 0.419128 0.044193 0.100367
11 0.037193 0.412683 0.057704 0.085633
11 0.057452 0.346850 0.088385 0.014722
11 0.069726 0.361583 0.103126 0.012900
11 0.354556 0.336261 0.154681 0.058011
11 0.352711 0.571517 0.153452 0.119700
11 0.305444 0.681544 0.049111 0.129822
11 0.355163 0.695850 0.057704 0.128967
11 0.410244 0.707772 0.047689 0.142367
11 0.467119 0.590506 0.056874 0.066033
11 0.476067 0.753478 0.072607 0.145400
11 0.560674 0.785067 0.088370 0.163378
11 0.658970 0.818211 0.100015 0.162867
11 0.775763 0.857511 0.114400 0.166467
11 0.825630 0.739867 0.061659 0.067511
11 0.736444 0.701172 0.078874 0.068100
11 0.633733 0.680194 0.044030 0.049522
11 0.544778 0.653022 0.053200 0.055711
11 0.704874 0.616472 0.118815 0.044611
11 0.509267 0.904550 0.136874 0.111411
11 0.362844 0.939572 0.124148 0.111411
11 0.471074 0.981744 0.068963 0.033422
11 0.222252 0.613694 0.046696 0.035811
11 0.159652 0.627617 0.025467 0.030233
11 0.194133 0.649500 0.032889 0.015111
11 0.258859 0.671783 0.020148 0.038989
11 0.838733 0.072150 0.116726 0.143233
11 0.716704 0.080506 0.114593 0.156767
11 0.580896 0.088067 0.087007 0.175067
11 0.492296 0.104778 0.083822 0.168711
11 0.641378 0.087272 0.033956 0.165522
11 0.400511 0.112728 0.097615 0.181433
11 0.289637 0.157300 0.092311 0.125733
11 0.345333 0.139794 0.016978 0.149611
11 0.206333 0.169239 0.053052 0.124144
11 0.153289 0.184356 0.038193 0.109822
11 0.086933 0.199478 0.064652 0.114600
11 0.038689 0.211811 0.025467 0.102667
11 0.012163 0.216189 0.021215 0.098689
