5 0.120062 0.147527 0.103247 0.207080
1 0.944168 0.875407 0.072658 0.144227
1 0.862901 0.878487 0.074571 0.152840
1 0.784509 0.870480 0.076484 0.149147
1 0.704199 0.876020 0.076484 0.152840
1 0.625807 0.871713 0.080300 0.151613
1 0.514886 0.865547 0.095564 0.168880
1 0.415000 0.863700 0.092730 0.162707
1 0.321308 0.866780 0.088904 0.166413
1 0.225708 0.868007 0.088914 0.161480
1 0.134405 0.869240 0.084137 0.159013
1 0.898754 0.508693 0.090827 0.172560
1 0.805543 0.512393 0.089866 0.172573
1 0.713759 0.512393 0.087952 0.162707
1 0.622937 0.513627 0.084137 0.165173
1 0.507254 0.492673 0.112813 0.194760
1 0.382017 0.493287 0.114726 0.210787
1 0.262037 0.496367 0.106122 0.199693
1 0.131536 0.497600 0.116639 0.192293
6 0.920264 0.185120 0.065016 0.131893
6 0.853816 0.186973 0.056401 0.135600
5 0.671215 0.173420 0.069793 0.162707
6 0.768744 0.149373 0.106153 0.193520
5 0.597125 0.172180 0.072658 0.155320
5 0.407828 0.174653 0.086039 0.165173
5 0.501044 0.149380 0.108025 0.200920
5 0.322740 0.176493 0.072658 0.159013
5 0.226184 0.143827 0.107073 0.192293
