0 0.067602 0.676862 0.047807 0.102312
6 0.937065 0.101780 0.035858 0.080844
6 0.898223 0.100128 0.031860 0.090752
6 0.854900 0.076202 0.044817 0.135303
5 0.815061 0.096000 0.040842 0.095706
5 0.778212 0.092697 0.036844 0.102312
5 0.730908 0.084450 0.059756 0.132018
5 0.685587 0.090229 0.042824 0.107248
5 0.645255 0.091872 0.039834 0.103963
5 0.602425 0.079505 0.049790 0.135303
5 0.549640 0.085275 0.053787 0.123761
1 0.941047 0.533303 0.035847 0.092404
1 0.901705 0.532477 0.034862 0.103963
1 0.866849 0.536596 0.042824 0.089119
1 0.829502 0.534128 0.039845 0.097358
1 0.793151 0.539073 0.034850 0.097376
1 0.736384 0.523394 0.044817 0.105615
1 0.690570 0.529174 0.046811 0.100661
1 0.646744 0.525046 0.036855 0.108917
1 0.602425 0.528349 0.037852 0.102312
1 0.555620 0.529174 0.047807 0.094055
1 0.930094 0.308881 0.043821 0.099009
1 0.882287 0.308881 0.041827 0.102312
1 0.834978 0.306404 0.036844 0.103963
1 0.790161 0.315468 0.042824 0.099009
1 0.734391 0.296505 0.054784 0.120459
1 0.673638 0.295679 0.052791 0.125413
1 0.616866 0.296495 0.060753 0.113872
1 0.553128 0.299798 0.064729 0.113872
0 0.431622 0.849303 0.044817 0.107266
1 0.402735 0.860862 0.036833 0.103963
1 0.356429 0.847651 0.035847 0.117174
7 0.153256 0.846826 0.067730 0.115523
7 0.085033 0.847651 0.072702 0.107266
0 0.223970 0.842706 0.071705 0.123761
0 0.458511 0.682633 0.038837 0.067651
0 0.421661 0.680165 0.040842 0.085798
0 0.378339 0.681807 0.039845 0.082514
0 0.338998 0.680165 0.034850 0.102312
0 0.296174 0.688413 0.034850 0.092422
0 0.258328 0.678514 0.032868 0.085798
0 0.215000 0.671083 0.047807 0.103963
0 0.165703 0.671908 0.050786 0.105615
7 0.061130 0.090229 0.050786 0.130367
7 0.107436 0.103431 0.045814 0.107266
7 0.152259 0.114156 0.039845 0.072606
7 0.196578 0.089404 0.054773 0.132018
7 0.247868 0.091055 0.053787 0.132018
7 0.307625 0.093532 0.045814 0.136972
7 0.350454 0.108385 0.035858 0.097358
8 0.394767 0.096000 0.048804 0.108917
8 0.440089 0.113330 0.035858 0.084165
0 0.074075 0.286596 0.052780 0.127064
0 0.136323 0.281642 0.063743 0.133670
0 0.195083 0.289899 0.057763 0.130367
0 0.255836 0.287422 0.053776 0.135321
0 0.313599 0.292376 0.053776 0.112202
0 0.377841 0.282468 0.054773 0.122110
0 0.436102 0.288248 0.055770 0.130367
0 0.070094 0.480495 0.050797 0.105615
0 0.123378 0.483798 0.059756 0.099009
0 0.177658 0.477193 0.042824 0.112220
0 0.225958 0.476367 0.053776 0.110569
0 0.275753 0.487092 0.051794 0.105596
0 0.327547 0.487092 0.049801 0.108899
0 0.378837 0.479670 0.050786 0.113872
0 0.431124 0.481321 0.049801 0.103963
0 0.117901 0.679339 0.044817 0.110569
