0 0.535835 0.166166 0.127735 0.169976
0 0.145043 0.170292 0.129418 0.168311
0 0.276151 0.164514 0.119332 0.176561
0 0.411454 0.166160 0.117661 0.173269
0 0.662735 0.169465 0.122698 0.179878
0 0.160173 0.458244 0.109257 0.140255
0 0.266900 0.449994 0.097488 0.160061
0 0.382042 0.444216 0.102525 0.138615
0 0.498014 0.450820 0.112611 0.145213
0 0.614833 0.457418 0.100854 0.145213
0 0.719882 0.445869 0.095804 0.141920
0 0.148205 0.703433 0.116213 0.134058
0 0.264418 0.693451 0.116213 0.148335
0 0.379907 0.694878 0.106052 0.145480
0 0.498298 0.703433 0.119121 0.131215
0 0.606522 0.706999 0.094431 0.126926
0 0.714752 0.706288 0.098787 0.134058
0 0.140941 0.943706 0.101683 0.112588
0 0.258608 0.946561 0.092983 0.106877
0 0.381355 0.940899 0.114765 0.115529
0 0.494666 0.941567 0.111856 0.116865
0 0.607976 0.943706 0.106052 0.112588
0 0.719109 0.942321 0.107500 0.109818
1 0.825155 0.448147 0.110408 0.125504
1 0.932655 0.453846 0.104592 0.131215
1 0.822246 0.704149 0.104592 0.135492
1 0.929022 0.700583 0.106040 0.131203
1 0.822976 0.944459 0.085705 0.105541
1 0.924666 0.944423 0.097327 0.111154
