0 0.759345 0.094608 0.083831 0.175856
0 0.308102 0.973843 0.062445 0.052314
0 0.377394 0.972007 0.062451 0.048641
0 0.451390 0.973843 0.068434 0.052314
7 0.027522 0.439765 0.053897 0.185203
7 0.083126 0.460346 0.052182 0.144039
7 0.130601 0.479987 0.037639 0.104758
7 0.183640 0.439765 0.061590 0.185203
7 0.245658 0.465954 0.040209 0.162758
7 0.300406 0.465961 0.050472 0.173987
7 0.356435 0.482797 0.034220 0.121595
8 0.400063 0.464085 0.054746 0.173974
8 0.450532 0.483732 0.046192 0.115987
7 0.600660 0.095542 0.077842 0.177725
9 0.678506 0.097418 0.074417 0.159020
0 0.054112 0.117046 0.062845 0.156837
0 0.107714 0.107346 0.059145 0.169778
0 0.168338 0.108157 0.062104 0.155216
0 0.387923 0.129176 0.034005 0.135817
0 0.221575 0.109778 0.050275 0.155216
0 0.271476 0.129987 0.033270 0.127739
0 0.309184 0.138072 0.034746 0.130967
0 0.350956 0.129176 0.041399 0.129359
0 0.424889 0.129176 0.034011 0.119660
0 0.463706 0.129987 0.039187 0.124497
0 0.034794 0.755928 0.061590 0.196431
0 0.100660 0.749379 0.068434 0.190810
0 0.169949 0.759667 0.066724 0.200170
0 0.237531 0.753124 0.065009 0.205778
0 0.307247 0.754059 0.062445 0.196431
0 0.379106 0.752183 0.060735 0.222614
0 0.449677 0.748444 0.065009 0.211399
0 0.028518 0.968255 0.057035 0.052379
0 0.097669 0.973843 0.064160 0.052314
0 0.167812 0.966359 0.057310 0.067281
0 0.237101 0.965458 0.065870 0.061739
