1 0.910412 0.660135 0.071448 0.105614
1 0.155770 0.919109 0.136959 0.159055
1 0.300345 0.901444 0.143479 0.159055
0 0.439475 0.911383 0.121740 0.156856
5 0.106859 0.107267 0.108699 0.161255
5 0.215558 0.103947 0.104343 0.136964
5 0.302517 0.126046 0.091301 0.119298
5 0.392729 0.116100 0.089124 0.130337
5 0.473161 0.113893 0.097822 0.148003
5 0.578599 0.133779 0.082616 0.134764
5 0.647078 0.127146 0.084781 0.134750
5 0.731859 0.114993 0.097822 0.159055
5 0.824250 0.130466 0.052165 0.119285
5 0.893818 0.141505 0.065219 0.106032
1 0.700339 0.923529 0.086946 0.136964
1 0.778599 0.916910 0.086946 0.132551
1 0.119582 0.374656 0.136401 0.145209
1 0.244622 0.371350 0.120159 0.155115
1 0.365598 0.363104 0.131541 0.155115
1 0.489821 0.368057 0.110425 0.145209
1 0.596999 0.386208 0.094183 0.115520
1 0.685498 0.385385 0.095803 0.120459
1 0.774814 0.377955 0.086069 0.138610
1 0.869807 0.381255 0.087689 0.122105
1 0.124456 0.648583 0.087689 0.128718
1 0.220266 0.651053 0.103931 0.130364
1 0.307955 0.641154 0.084436 0.140256
1 0.401321 0.648583 0.102297 0.122105
1 0.493074 0.648583 0.077942 0.132011
1 0.606740 0.658489 0.087689 0.118812
1 0.695239 0.654359 0.063333 0.133657
1 0.769940 0.663428 0.056826 0.118812
1 0.841394 0.664265 0.066587 0.107260
