0 0.500456 0.299420 0.132737 0.136964
0 0.623714 0.301637 0.113777 0.128125
0 0.748339 0.295007 0.119197 0.145789
0 0.872947 0.298326 0.124617 0.130342
0 0.239042 0.508185 0.097536 0.125923
0 0.113075 0.502664 0.105639 0.110446
0 0.339279 0.496034 0.086697 0.114866
0 0.435438 0.493824 0.083978 0.114881
0 0.542445 0.486094 0.108358 0.125908
0 0.656232 0.502664 0.092099 0.106042
0 0.746980 0.501563 0.116478 0.125923
0 0.866168 0.500454 0.094818 0.123705
0 0.111715 0.686019 0.108358 0.097188
0 0.207892 0.688229 0.089398 0.106042
0 0.327089 0.694859 0.116478 0.114866
0 0.424608 0.699271 0.089398 0.088363
0 0.520776 0.686019 0.086697 0.106027
0 0.606104 0.702582 0.078558 0.072902
0 0.692801 0.674970 0.078558 0.048601
0 0.756451 0.704799 0.054179 0.081741
0 0.845858 0.700379 0.086679 0.081741
0 0.931186 0.705900 0.083978 0.079539
0 0.436797 0.866064 0.162536 0.139182
7 0.137464 0.867165 0.154416 0.119301
1 0.722591 0.885945 0.073139 0.108259
1 0.802518 0.880417 0.059599 0.079524
7 0.095474 0.093981 0.119197 0.150223
7 0.190283 0.101711 0.108376 0.117083
7 0.289161 0.117173 0.062299 0.068482
7 0.373139 0.090662 0.127336 0.143586
7 0.495036 0.105022 0.094818 0.119301
7 0.607464 0.096190 0.124599 0.119286
7 0.706350 0.121592 0.073139 0.095000
7 0.787609 0.111652 0.083978 0.101607
7 0.879717 0.114963 0.067719 0.064063
0 0.122555 0.296116 0.146277 0.134762
0 0.252591 0.299420 0.130036 0.136964
0 0.383978 0.292805 0.116496 0.141384
