0 0.428847 0.666239 0.049923 0.088366
0 0.074177 0.818662 0.043041 0.097211
0 0.125834 0.820873 0.046487 0.083944
0 0.174896 0.804303 0.048211 0.081732
0 0.217942 0.810937 0.048200 0.086155
0 0.273897 0.812035 0.056817 0.097197
0 0.328990 0.826401 0.043052 0.086155
0 0.380642 0.795472 0.046487 0.059648
0 0.424544 0.813134 0.044764 0.086155
0 0.073502 0.952380 0.053568 0.076310
0 0.122613 0.953296 0.047618 0.078282
0 0.173946 0.957077 0.046136 0.085845
0 0.220077 0.949479 0.049111 0.085915
0 0.265461 0.962852 0.038694 0.066831
0 0.301175 0.961894 0.032733 0.061085
0 0.334654 0.960937 0.028277 0.063000
0 0.365159 0.960944 0.032733 0.059183
0 0.400867 0.959979 0.032733 0.064915
0 0.432865 0.959028 0.034226 0.063014
7 0.062640 0.061085 0.071427 0.112648
7 0.099841 0.040092 0.002975 0.021000
7 0.153408 0.082092 0.035708 0.066831
7 0.116954 0.067775 0.034215 0.087831
7 0.557366 0.942197 0.068606 0.092169
1 0.881400 0.812894 0.026268 0.068775
1 0.850582 0.810486 0.032162 0.065338
1 0.814934 0.811859 0.035906 0.066704
1 0.781164 0.811176 0.035917 0.072211
1 0.743106 0.811169 0.036992 0.070845
1 0.693255 0.809796 0.043414 0.070831
1 0.649029 0.808423 0.041811 0.072225
1 0.604270 0.807049 0.043425 0.080465
1 0.555494 0.808077 0.045565 0.078408
1 0.799671 0.513514 0.054797 0.091620
1 0.910933 0.507662 0.056465 0.094817
1 0.855302 0.518845 0.053128 0.085239
1 0.918820 0.661606 0.047322 0.072451
1 0.872739 0.665866 0.039857 0.061789
1 0.829566 0.661606 0.039857 0.063915
1 0.786389 0.660535 0.036531 0.066056
1 0.737816 0.654676 0.043996 0.067127
1 0.691317 0.665331 0.037366 0.062859
1 0.648562 0.668000 0.041515 0.059662
1 0.600818 0.660542 0.044007 0.061789
1 0.550582 0.666930 0.044830 0.053268
1 0.742673 0.505000 0.059528 0.084000
1 0.679435 0.511683 0.063985 0.093563
1 0.628095 0.518366 0.050593 0.080197
1 0.555181 0.508817 0.062503 0.080197
7 0.925703 0.376120 0.029759 0.082099
7 0.892217 0.382803 0.028277 0.076366
7 0.848326 0.361803 0.050593 0.103099
7 0.806658 0.376127 0.029759 0.085915
7 0.766476 0.380894 0.047618 0.080183
7 0.723326 0.358944 0.044632 0.105014
7 0.678688 0.373261 0.035708 0.084014
7 0.640741 0.378028 0.037201 0.085915
7 0.593123 0.357986 0.049100 0.099296
7 0.544018 0.357028 0.052075 0.105014
7 0.435395 0.074458 0.031251 0.059197
7 0.385549 0.063951 0.050593 0.084014
7 0.349083 0.074458 0.037201 0.059197
7 0.305933 0.064908 0.055049 0.082099
7 0.250132 0.058225 0.041668 0.087831
7 0.193589 0.058232 0.059517 0.091648
0 0.058683 0.222204 0.074029 0.106042
0 0.125829 0.222204 0.063710 0.106042
0 0.180928 0.200113 0.070593 0.145803
0 0.249791 0.224408 0.060263 0.110451
0 0.311773 0.213366 0.049934 0.106028
0 0.368589 0.216683 0.063699 0.108239
0 0.432294 0.218887 0.056817 0.103831
0 0.061268 0.366894 0.061987 0.112662
0 0.124105 0.368007 0.077475 0.128127
0 0.187810 0.372423 0.053381 0.123718
0 0.255818 0.359169 0.058529 0.114873
0 0.311773 0.359169 0.060252 0.123718
0 0.378924 0.372423 0.056817 0.106028
0 0.437459 0.365796 0.053381 0.101620
0 0.067294 0.522641 0.060252 0.101620
0 0.130137 0.529268 0.058540 0.119296
0 0.192113 0.531479 0.055093 0.123718
0 0.251515 0.529268 0.056817 0.119296
0 0.310911 0.539211 0.065423 0.121493
0 0.373754 0.533690 0.056817 0.119296
0 0.432294 0.539211 0.056817 0.130338
0 0.074177 0.671754 0.043041 0.086155
0 0.125834 0.678387 0.046487 0.086155
0 0.180060 0.664021 0.055093 0.097197
0 0.224824 0.675070 0.055093 0.110451
0 0.279923 0.677282 0.051658 0.092789
0 0.329852 0.662923 0.041328 0.108239
0 0.378057 0.671761 0.041317 0.094986
