1 0.210624 0.242543 0.093037 0.294460
1 0.314154 0.245710 0.095654 0.294602
1 0.418331 0.251918 0.099592 0.313210
1 0.527101 0.236406 0.096963 0.244972
1 0.613589 0.241065 0.078631 0.285312
1 0.688289 0.248807 0.076002 0.276023
1 0.768878 0.245710 0.087791 0.313239
1 0.857335 0.248821 0.078631 0.307017
1 0.933998 0.253452 0.074694 0.334915
0 0.425558 0.803906 0.171693 0.387642
7 0.105798 0.803920 0.174286 0.375227
1 0.740048 0.803920 0.090420 0.375227
1 0.838992 0.830568 0.090420 0.326477
1 0.106447 0.237955 0.099592 0.310114
