0 0.596878 0.925943 0.026348 0.060728
0 0.041489 0.066894 0.040933 0.089744
0 0.083993 0.064987 0.037778 0.105013
0 0.125441 0.065943 0.034630 0.091644
0 0.169519 0.058302 0.038830 0.106927
0 0.210970 0.065937 0.037778 0.106914
0 0.249270 0.064030 0.036733 0.106927
0 0.293344 0.061166 0.043030 0.105000
0 0.040437 0.211044 0.038830 0.095458
0 0.086089 0.207224 0.037778 0.095472
0 0.128589 0.215815 0.040926 0.085916
0 0.168989 0.208181 0.041978 0.101186
0 0.212541 0.212951 0.036726 0.103100
0 0.250841 0.211044 0.046170 0.106914
0 0.294919 0.209137 0.039881 0.103100
0 0.046211 0.359966 0.041978 0.099286
0 0.088711 0.357102 0.043022 0.093558
0 0.132259 0.367608 0.044074 0.099286
0 0.174237 0.359973 0.037778 0.103100
0 0.214641 0.360923 0.036733 0.101199
0 0.253993 0.362830 0.037778 0.105013
0 0.297544 0.363787 0.040926 0.114555
0 0.045685 0.506981 0.043030 0.103100
0 0.087137 0.503167 0.039874 0.103100
0 0.131737 0.506031 0.043030 0.112655
0 0.172141 0.498396 0.037778 0.112642
0 0.214641 0.493625 0.043030 0.103100
0 0.256093 0.497439 0.033578 0.103100
0 0.293348 0.499353 0.045126 0.103100
0 0.044637 0.636819 0.047230 0.095472
0 0.088185 0.637770 0.037778 0.089744
0 0.128063 0.640633 0.039874 0.095472
0 0.171089 0.632042 0.039881 0.089744
0 0.211493 0.640640 0.045119 0.099286
0 0.255044 0.643497 0.037778 0.112655
0 0.295970 0.634906 0.037778 0.095472
0 0.044111 0.774286 0.046178 0.099272
0 0.088715 0.768558 0.040926 0.103100
0 0.129641 0.772379 0.034630 0.099286
0 0.170567 0.772379 0.040926 0.099286
0 0.215167 0.771422 0.039874 0.097372
0 0.253993 0.774286 0.037778 0.091644
0 0.294396 0.768558 0.040926 0.091644
0 0.048311 0.917480 0.037778 0.068733
0 0.085037 0.915573 0.031481 0.072547
0 0.103352 0.880256 0.007444 0.001914
0 0.120193 0.916530 0.036726 0.074461
0 0.153774 0.915573 0.028333 0.076375
0 0.183681 0.907938 0.037778 0.080189
0 0.225133 0.911759 0.030430 0.084003
0 0.241400 0.874528 0.004193 0.001914
0 0.255567 0.915573 0.024141 0.076375
0 0.286526 0.916530 0.031481 0.074461
0 0.375200 0.364737 0.036726 0.074461
0 0.409307 0.368558 0.029385 0.093558
0 0.441311 0.363787 0.036726 0.072561
0 0.477515 0.363787 0.027281 0.080189
0 0.512144 0.373336 0.029385 0.076375
0 0.544152 0.369515 0.030437 0.076361
0 0.576163 0.365694 0.025185 0.076375
0 0.616559 0.369515 0.040926 0.068733
0 0.372048 0.508895 0.040926 0.076361
0 0.412452 0.512716 0.033585 0.061092
0 0.441311 0.501260 0.030430 0.064919
0 0.474367 0.506988 0.033578 0.095458
0 0.513719 0.503167 0.032533 0.080189
0 0.548352 0.508895 0.028333 0.080189
0 0.578785 0.504124 0.024133 0.078275
0 0.613937 0.503167 0.027281 0.072561
0 0.375200 0.640640 0.032533 0.076375
0 0.404581 0.648268 0.026230 0.076375
0 0.439215 0.646361 0.032533 0.080189
0 0.479615 0.646361 0.031481 0.084016
0 0.513196 0.651132 0.027281 0.070647
0 0.547826 0.650182 0.033578 0.076375
0 0.578259 0.643497 0.035674 0.085916
0 0.616563 0.639683 0.030430 0.078288
0 0.376770 0.778106 0.037778 0.064919
0 0.408781 0.780970 0.028333 0.082102
0 0.443937 0.780970 0.033578 0.066819
0 0.477515 0.778100 0.029385 0.091644
0 0.512263 0.783720 0.038644 0.072453
0 0.548570 0.777325 0.026933 0.072439
0 0.579896 0.782123 0.035719 0.075647
0 0.615907 0.776792 0.030452 0.067116
0 0.360900 0.926476 0.027519 0.059663
0 0.386370 0.924879 0.028104 0.067116
0 0.415648 0.919023 0.028111 0.068181
0 0.442878 0.933403 0.026348 0.067129
0 0.466885 0.920620 0.025178 0.071375
0 0.493819 0.924879 0.029859 0.058598
0 0.517826 0.924346 0.021667 0.057534
0 0.544470 0.924346 0.026941 0.066051
0 0.569648 0.925411 0.019904 0.061792
0 0.627322 0.924879 0.026348 0.056469
7 0.374367 0.061199 0.040407 0.085229
7 0.415356 0.062264 0.035719 0.080970
7 0.458689 0.071853 0.034548 0.080957
7 0.497626 0.071853 0.031622 0.063922
7 0.531881 0.085175 0.034548 0.060728
7 0.556474 0.081442 0.018148 0.040485
7 0.584870 0.071321 0.035133 0.064987
7 0.620885 0.089434 0.029859 0.030889
7 0.363537 0.214609 0.030452 0.093747
7 0.398378 0.211947 0.038059 0.094811
7 0.430581 0.211947 0.031030 0.094811
7 0.464544 0.223133 0.028689 0.076698
7 0.496748 0.225263 0.034548 0.072439
7 0.530707 0.224198 0.026348 0.076698
7 0.564670 0.221536 0.028689 0.069245
7 0.596585 0.239111 0.023422 0.053261
7 0.620300 0.233787 0.022837 0.051132
