0 0.180837 0.000787 0.014644 0.001574
0 0.116793 0.094170 0.131758 0.177559
0 0.255867 0.099901 0.135416 0.189021
0 0.392197 0.099901 0.137245 0.189021
0 0.531271 0.103717 0.140903 0.200471
0 0.663937 0.101809 0.131746 0.200471
0 0.815819 0.098947 0.146390 0.187113
0 0.942999 0.097986 0.111627 0.181375
0 0.122280 0.374839 0.128100 0.173742
0 0.260439 0.377695 0.133587 0.198563
0 0.396770 0.374833 0.128100 0.189021
0 0.533100 0.379610 0.129929 0.175651
0 0.679489 0.378656 0.144561 0.181375
0 0.816734 0.377701 0.133587 0.179467
0 0.945422 0.377701 0.109157 0.179467
0 0.114964 0.642138 0.135416 0.181375
0 0.258610 0.638315 0.126271 0.185204
0 0.396770 0.642138 0.139074 0.181375
0 0.539501 0.645000 0.131758 0.179467
0 0.675831 0.653594 0.129929 0.185204
0 0.812162 0.641183 0.128100 0.179467
0 0.942678 0.641183 0.114644 0.175651
0 0.130517 0.922800 0.104311 0.139380
0 0.242138 0.919938 0.093325 0.133656
0 0.351015 0.921853 0.113456 0.122193
0 0.480944 0.919938 0.106140 0.137472
0 0.586164 0.915167 0.107957 0.139380
0 0.702369 0.910390 0.109798 0.152751
0 0.812162 0.918030 0.098812 0.137472
0 0.928367 0.924709 0.115285 0.131747
