0 0.630625 0.686790 0.103317 0.131041
0 0.162633 0.687853 0.120733 0.128916
0 0.282117 0.686790 0.105800 0.116120
0 0.396008 0.689986 0.107050 0.131041
0 0.505542 0.678260 0.097083 0.131041
0 0.737675 0.684658 0.100817 0.126776
0 0.856542 0.689986 0.119483 0.128902
0 0.165775 0.870029 0.107117 0.131041
0 0.277758 0.869494 0.107050 0.132111
0 0.378575 0.870556 0.097083 0.115064
0 0.488108 0.871091 0.097083 0.126776
0 0.582708 0.885478 0.082150 0.093752
0 0.681042 0.888673 0.079650 0.093752
0 0.783100 0.886534 0.092100 0.087361
0 0.883300 0.883345 0.093367 0.098017
7 0.133383 0.493424 0.109533 0.127846
7 0.235442 0.501412 0.082150 0.103338
7 0.310750 0.520064 0.058500 0.070314
7 0.398500 0.484900 0.117000 0.144893
7 0.508650 0.505143 0.090867 0.110799
7 0.610092 0.509936 0.074683 0.111854
7 0.695975 0.515264 0.064717 0.082026
7 0.786833 0.503552 0.079667 0.096947
7 0.865250 0.519529 0.067200 0.071384
