0 0.054273 0.309661 0.038612 0.122179
7 0.290401 0.144366 0.023738 0.060911
7 0.260615 0.131723 0.028388 0.111482
7 0.232693 0.139196 0.020007 0.075857
7 0.201981 0.125411 0.031179 0.103429
7 0.169866 0.121384 0.029320 0.122982
7 0.128218 0.107589 0.034440 0.132179
7 0.103785 0.147241 0.018156 0.078161
7 0.077726 0.125402 0.030246 0.105732
7 0.042824 0.119652 0.039559 0.124125
0 0.285145 0.499884 0.033789 0.097339
0 0.250557 0.505839 0.034591 0.105286
0 0.217173 0.503357 0.029761 0.102321
0 0.184794 0.500375 0.030166 0.102321
0 0.151023 0.500875 0.030998 0.095357
0 0.118427 0.501366 0.030969 0.102304
0 0.084841 0.502857 0.028959 0.099321
0 0.051862 0.500875 0.031374 0.095357
0 0.287155 0.307670 0.037809 0.116232
0 0.247737 0.309661 0.034591 0.122179
0 0.210738 0.308661 0.034591 0.128143
0 0.170716 0.306179 0.043037 0.127143
0 0.131298 0.311643 0.038214 0.124179
0 0.094497 0.313634 0.038612 0.126161
