0 0.603619 0.348219 0.110835 0.093918
0 0.721649 0.346836 0.110835 0.104055
0 0.846863 0.346842 0.133854 0.111411
0 0.117152 0.199514 0.131006 0.096671
0 0.245246 0.202274 0.113704 0.098521
0 0.361831 0.199514 0.116595 0.102205
0 0.485600 0.202740 0.128116 0.103123
0 0.605739 0.196753 0.109293 0.096685
0 0.723084 0.196753 0.122355 0.104055
0 0.849026 0.196753 0.123790 0.094849
0 0.733672 0.635329 0.091585 0.072438
0 0.628747 0.632130 0.094925 0.072452
0 0.534657 0.636925 0.089914 0.071384
0 0.432238 0.632664 0.094925 0.073521
0 0.333158 0.634795 0.093255 0.075644
0 0.235739 0.634260 0.088266 0.068192
0 0.134154 0.635863 0.091606 0.067123
0 0.845246 0.494699 0.121585 0.108658
0 0.784465 0.433973 0.006660 0.017041
0 0.364797 0.489911 0.106595 0.107603
0 0.477206 0.489904 0.121563 0.103342
0 0.599604 0.490973 0.123233 0.107589
0 0.117505 0.492041 0.121563 0.103342
0 0.731167 0.489377 0.106574 0.108671
0 0.244904 0.489911 0.116574 0.096945
0 0.765739 0.918863 0.071349 0.075589
0 0.697752 0.915301 0.073576 0.074164
0 0.637548 0.922432 0.055739 0.065603
0 0.578469 0.919582 0.053512 0.068452
0 0.518276 0.911740 0.071328 0.081288
0 0.441360 0.903185 0.100321 0.087000
0 0.343276 0.911021 0.086938 0.091274
0 0.229572 0.901753 0.118158 0.095562
0 0.122559 0.913877 0.091413 0.085562
0 0.829422 0.777555 0.093276 0.071384
0 0.726178 0.778616 0.093255 0.064986
0 0.629582 0.775952 0.076595 0.068178
0 0.533822 0.771158 0.081606 0.079904
0 0.437238 0.776486 0.088266 0.073521
0 0.334818 0.780219 0.103255 0.074575
0 0.227409 0.779151 0.091606 0.076712
0 0.127495 0.779151 0.098244 0.068192
0 0.834422 0.636390 0.096595 0.072452
0 0.838191 0.921007 0.055739 0.068452
0 0.117859 0.350521 0.118030 0.107726
0 0.245953 0.345911 0.120899 0.102205
0 0.360375 0.344541 0.105075 0.097603
0 0.479122 0.344075 0.120899 0.091164
