1 0.741895 0.490404 0.067036 0.206771
1 0.874892 0.481277 0.064874 0.204728
1 0.937964 0.477224 0.054066 0.192570
1 0.600252 0.860346 0.051904 0.143921
1 0.654315 0.856293 0.046134 0.152026
1 0.703330 0.856293 0.051898 0.139868
1 0.755592 0.850214 0.048301 0.152026
1 0.805331 0.855280 0.043972 0.145947
1 0.857589 0.860346 0.051898 0.147974
1 0.909851 0.845148 0.045407 0.129736
5 0.589798 0.127545 0.061271 0.243262
0 0.124499 0.141730 0.066315 0.255420
0 0.193342 0.135651 0.065595 0.251367
0 0.261819 0.141730 0.068477 0.247315
0 0.332103 0.142743 0.061992 0.249341
0 0.400580 0.141730 0.067756 0.239209
0 0.470141 0.142743 0.067042 0.257446
0 0.057103 0.509662 0.068477 0.257446
0 0.125943 0.512702 0.069203 0.255420
0 0.195144 0.510675 0.069197 0.259473
0 0.265425 0.507628 0.067042 0.253377
0 0.333184 0.507628 0.064153 0.269621
0 0.399139 0.507636 0.064874 0.261499
0 0.469780 0.509662 0.066321 0.257446
0 0.066834 0.865420 0.053339 0.178386
0 0.123061 0.861367 0.046134 0.178386
0 0.055302 0.141730 0.066315 0.247315
1 0.958146 0.852241 0.052624 0.152026
0 0.180366 0.866433 0.058389 0.184465
5 0.648907 0.128641 0.059830 0.257282
5 0.695764 0.159975 0.042531 0.206771
5 0.741538 0.162002 0.046134 0.190560
5 0.793436 0.133624 0.051898 0.259473
5 0.839930 0.167076 0.042531 0.192570
5 0.882821 0.160988 0.046134 0.200692
5 0.928954 0.126565 0.050457 0.233196
5 0.977970 0.173155 0.034605 0.164201
0 0.293896 0.855280 0.059110 0.194613
0 0.353366 0.871499 0.055507 0.182438
0 0.407428 0.864407 0.055501 0.168254
0 0.466898 0.866433 0.056221 0.176359
0 0.239112 0.871499 0.053339 0.186491
1 0.606740 0.496483 0.064880 0.214876
1 0.675940 0.480264 0.060551 0.206755
1 0.808213 0.485338 0.059824 0.216903
