1 0.467975 0.389921 0.039648 0.098868
1 0.624398 0.403829 0.038202 0.101965
1 0.383639 0.568357 0.029552 0.069513
1 0.414274 0.565267 0.033155 0.072610
1 0.445990 0.560629 0.025950 0.069528
5 0.377150 0.233129 0.032436 0.118962
5 0.409949 0.233129 0.033162 0.115849
5 0.440224 0.242398 0.025950 0.088066
5 0.467616 0.252437 0.024505 0.095786
5 0.501134 0.238530 0.035326 0.129764
5 0.527443 0.249347 0.025950 0.083412
5 0.608540 0.257846 0.012252 0.066415
5 0.552315 0.253208 0.019464 0.084969
1 0.555917 0.739827 0.023793 0.091132
1 0.534292 0.736737 0.023786 0.094230
1 0.506900 0.739049 0.030998 0.080330
1 0.479868 0.726690 0.024505 0.105047
1 0.450315 0.734418 0.028833 0.083428
1 0.418239 0.733648 0.028114 0.094245
1 0.385440 0.730558 0.031717 0.094230
5 0.581508 0.227720 0.033155 0.120503
5 0.634850 0.262476 0.018738 0.069513
1 0.385077 0.396879 0.035319 0.094230
1 0.425444 0.399969 0.033881 0.103491
1 0.628001 0.566030 0.030998 0.055613
1 0.505818 0.397649 0.033162 0.095770
1 0.473382 0.564489 0.034600 0.071053
1 0.544384 0.398420 0.033874 0.106588
1 0.584762 0.400739 0.036787 0.089591
1 0.506541 0.569898 0.031717 0.075708
1 0.537535 0.569898 0.030271 0.072594
1 0.566009 0.568349 0.030990 0.072610
1 0.597007 0.562940 0.035319 0.086509
1 0.597007 0.886588 0.018019 0.084969
1 0.569974 0.880401 0.027388 0.103506
1 0.629442 0.737508 0.025224 0.089607
1 0.605657 0.731329 0.022348 0.071053
1 0.581867 0.735959 0.023793 0.086509
