1 0.304131 0.519705 0.089480 0.178919
1 0.215573 0.531216 0.083907 0.171229
1 0.115833 0.527371 0.096935 0.173808
1 0.886729 0.152924 0.087616 0.166143
1 0.792581 0.151646 0.082043 0.168698
1 0.701228 0.154201 0.067115 0.184029
1 0.615475 0.154201 0.082025 0.204472
1 0.497088 0.135037 0.113710 0.212138
1 0.371246 0.131204 0.104391 0.199361
1 0.251927 0.137592 0.108118 0.201916
1 0.128889 0.137592 0.119319 0.201916
1 0.781398 0.528661 0.048459 0.155897
1 0.704955 0.533771 0.082025 0.166118
1 0.924955 0.533771 0.070842 0.150786
1 0.614543 0.533771 0.091344 0.150786
1 0.709624 0.871167 0.087634 0.222383
1 0.806568 0.898010 0.061523 0.168698
1 0.501747 0.523538 0.100663 0.166143
1 0.409462 0.524816 0.087634 0.178919
1 0.841980 0.536327 0.068978 0.155897
