8 0.880422 0.810239 0.052174 0.158409
0 0.079569 0.432352 0.040000 0.125409
0 0.122611 0.438125 0.039126 0.113864
0 0.236521 0.429045 0.025222 0.122114
0 0.272174 0.437301 0.044347 0.118807
0 0.413473 0.443074 0.041737 0.120466
0 0.570425 0.438125 0.044347 0.136955
7 0.726509 0.434824 0.057389 0.179875
9 0.879117 0.426557 0.059994 0.186432
0 0.101305 0.785489 0.053916 0.168318
9 0.256087 0.789608 0.062605 0.199670
9 0.412605 0.791261 0.059126 0.196364
7 0.569991 0.800335 0.062605 0.174920
7 0.721293 0.783835 0.066084 0.194716
