0 0.087461 0.427208 0.097711 0.487578
0 0.180007 0.423533 0.085908 0.491966
0 0.262597 0.491823 0.075579 0.346553
0 0.337078 0.491083 0.071896 0.342165
0 0.413584 0.488148 0.075951 0.336296
0 0.472210 0.520456 0.035393 0.289288
0 0.511845 0.571125 0.038712 0.182080
1 0.576738 0.416923 0.098455 0.499316
1 0.657668 0.466125 0.060472 0.392080
1 0.721087 0.474202 0.058999 0.381795
1 0.784506 0.468333 0.061946 0.384758
1 0.835018 0.536610 0.036874 0.245242
1 0.875576 0.568917 0.042768 0.186496
1 0.922575 0.546880 0.043119 0.236439
1 0.967010 0.572593 0.036881 0.179145
