0 0.694468 0.565779 0.103680 0.145688
0 0.495980 0.550447 0.116308 0.155918
0 0.375872 0.564505 0.093560 0.132923
0 0.249450 0.556836 0.123895 0.168696
0 0.130609 0.549167 0.108722 0.143140
0 0.934683 0.278231 0.098614 0.163587
0 0.812049 0.273116 0.106201 0.168696
0 0.684355 0.280785 0.103668 0.168696
0 0.546547 0.265447 0.136535 0.199372
0 0.401159 0.276957 0.144134 0.171256
0 0.282324 0.274396 0.118841 0.166135
0 0.134397 0.282065 0.151708 0.171256
0 0.906864 0.813714 0.093560 0.109915
0 0.812049 0.816268 0.091027 0.115024
0 0.722282 0.820103 0.098614 0.107355
0 0.640102 0.811159 0.075854 0.115024
0 0.557927 0.809885 0.078387 0.107355
0 0.446673 0.814988 0.098602 0.112464
0 0.344271 0.807325 0.116308 0.138031
0 0.225430 0.794547 0.106201 0.138031
0 0.115436 0.799656 0.128961 0.122693
0 0.935944 0.564505 0.106201 0.143140
0 0.813309 0.549173 0.098614 0.132911
0 0.589534 0.555556 0.085974 0.140580
