0 0.119422 0.199877 0.116574 0.095342
0 0.240428 0.198932 0.119529 0.095342
0 0.363651 0.198932 0.112141 0.097233
0 0.481392 0.201247 0.119572 0.100164
0 0.602013 0.200336 0.117430 0.098342
0 0.722998 0.201021 0.117430 0.097877
0 0.842912 0.200336 0.116702 0.098342
0 0.120867 0.347884 0.116724 0.095603
0 0.240428 0.346747 0.115289 0.094233
0 0.362120 0.345836 0.115289 0.096959
0 0.480610 0.346288 0.117409 0.095151
0 0.600203 0.347432 0.120364 0.096507
0 0.721852 0.348342 0.120278 0.098329
0 0.844968 0.348801 0.123126 0.099247
0 0.121585 0.495842 0.120985 0.098342
0 0.242912 0.495158 0.117430 0.100616
0 0.362516 0.494932 0.116081 0.100164
0 0.481328 0.495616 0.118844 0.098795
0 0.602655 0.494479 0.116702 0.098329
0 0.722206 0.494473 0.115289 0.099247
0 0.842837 0.493795 0.115996 0.100603
0 0.139732 0.637658 0.097495 0.070575
0 0.239358 0.636747 0.094647 0.072397
0 0.336146 0.635610 0.096060 0.068288
0 0.435064 0.636747 0.093212 0.069658
0 0.535086 0.636747 0.096852 0.066918
0 0.636103 0.636747 0.092505 0.069658
0 0.731820 0.635836 0.096060 0.069644
0 0.829315 0.636747 0.094647 0.070562
0 0.140075 0.780384 0.093940 0.066466
0 0.239358 0.780610 0.091820 0.067822
0 0.334711 0.779925 0.094647 0.069192
0 0.436842 0.780384 0.092527 0.069205
0 0.535043 0.780836 0.093940 0.069205
0 0.633255 0.781068 0.095375 0.068740
0 0.731820 0.780384 0.091820 0.070110
0 0.831092 0.780610 0.095375 0.069658
0 0.137238 0.914685 0.096788 0.074658
0 0.235857 0.914000 0.096167 0.076027
0 0.330086 0.915137 0.096788 0.080137
0 0.429368 0.914459 0.097495 0.077849
0 0.513704 0.923103 0.065482 0.059630
0 0.580942 0.923562 0.063340 0.060548
0 0.645707 0.922651 0.060493 0.059630
0 0.709764 0.923788 0.063340 0.061000
0 0.775942 0.923336 0.064775 0.061000
0 0.843555 0.923562 0.064754 0.063288
7 0.110214 0.047411 0.112420 0.084712
7 0.211681 0.052589 0.086702 0.079233
7 0.292184 0.068438 0.064797 0.048767
9 0.376981 0.048329 0.112420 0.084110
9 0.487034 0.052315 0.086745 0.081123
9 0.589411 0.049849 0.091413 0.079836
9 0.676124 0.064171 0.070493 0.056068
6 0.760910 0.053507 0.087645 0.077397
6 0.842366 0.064479 0.065717 0.054247
