0 0.124142 0.672448 0.045085 0.091537
0 0.084403 0.274165 0.055778 0.124839
0 0.141850 0.271784 0.055107 0.127211
0 0.198790 0.272979 0.054765 0.129602
0 0.257740 0.273871 0.054435 0.130171
0 0.314851 0.274175 0.053774 0.130778
0 0.370954 0.273273 0.055107 0.127799
0 0.427233 0.273567 0.052100 0.127211
0 0.080394 0.478653 0.047100 0.104630
0 0.129989 0.475683 0.043412 0.104611
0 0.179920 0.478065 0.047090 0.102239
0 0.227846 0.477467 0.046759 0.101044
0 0.276103 0.478653 0.047090 0.102239
0 0.324536 0.477467 0.047090 0.101044
0 0.372628 0.477761 0.046429 0.104023
0 0.422223 0.477761 0.046087 0.104023
0 0.076887 0.669478 0.046759 0.096300
0 0.170069 0.675123 0.044083 0.088577
0 0.218662 0.676319 0.047090 0.085009
0 0.262910 0.682846 0.034733 0.075484
0 0.298481 0.680769 0.034403 0.077287
0 0.335554 0.681072 0.037740 0.075503
0 0.373795 0.680778 0.036738 0.076091
0 0.414877 0.680474 0.037409 0.075484
0 0.453284 0.681063 0.037399 0.077875
0 0.226514 0.848102 0.067463 0.125427
0 0.093086 0.847514 0.067132 0.118292
9 0.159547 0.849288 0.062463 0.115920
1 0.355592 0.852856 0.037068 0.115920
1 0.396007 0.860294 0.031055 0.092732
9 0.296978 0.847211 0.068134 0.118899
0 0.068140 0.065778 0.055064 0.127837
0 0.118715 0.082287 0.043699 0.105484
0 0.157921 0.100398 0.033518 0.069260
9 0.201615 0.066841 0.055064 0.125712
9 0.255187 0.076423 0.046087 0.115047
9 0.305762 0.079620 0.047878 0.108653
9 0.349456 0.095607 0.035906 0.078843
8 0.391359 0.079620 0.045490 0.106528
8 0.432058 0.097201 0.032324 0.067116
6 0.846445 0.076841 0.052633 0.124497
6 0.888689 0.100873 0.031855 0.076433
6 0.921583 0.100873 0.031162 0.081366
5 0.550384 0.074991 0.049168 0.125731
5 0.599899 0.071290 0.042932 0.120797
5 0.642489 0.091015 0.038092 0.101082
5 0.682313 0.091015 0.037399 0.101082
5 0.725251 0.076841 0.044318 0.124497
5 0.768534 0.092239 0.035320 0.103529
5 0.804200 0.092239 0.030469 0.108463
1 0.554195 0.301784 0.054019 0.128197
1 0.615826 0.299934 0.055405 0.124497
1 0.672271 0.299934 0.053326 0.122030
1 0.728715 0.304250 0.054019 0.113397
1 0.781349 0.313501 0.045704 0.097362
1 0.826365 0.311651 0.040171 0.101063
1 0.867569 0.311660 0.040853 0.096148
1 0.913619 0.314118 0.042932 0.093662
1 0.558348 0.537220 0.041557 0.098615
1 0.600592 0.540304 0.041546 0.099848
1 0.642489 0.537220 0.040864 0.098615
1 0.688545 0.539070 0.042932 0.099848
1 0.733907 0.538454 0.042249 0.096148
1 0.785283 0.542770 0.035320 0.089981
1 0.822996 0.543368 0.036695 0.090114
1 0.858593 0.542979 0.034051 0.089336
1 0.893193 0.543966 0.033380 0.088918
1 0.928006 0.543378 0.034051 0.087742
