0 0.153019 0.204316 0.185319 0.133110
0 0.341274 0.203854 0.183380 0.135938
0 0.529515 0.205261 0.181413 0.140657
0 0.718753 0.204792 0.185319 0.139718
0 0.160817 0.406816 0.185346 0.141595
0 0.348089 0.406816 0.173629 0.139718
0 0.531468 0.406816 0.181440 0.143499
0 0.717784 0.407286 0.183380 0.135000
0 0.155942 0.609786 0.187285 0.141609
0 0.342244 0.607420 0.173629 0.138780
0 0.526607 0.609310 0.179474 0.140657
0 0.713864 0.607420 0.187285 0.135000
0 0.150388 0.834819 0.141496 0.111676
0 0.297327 0.833767 0.141524 0.109571
0 0.442119 0.835087 0.143684 0.111139
0 0.589598 0.836662 0.140416 0.109035
0 0.739820 0.835871 0.146953 0.107453
