1 0.630072 0.878120 0.076070 0.140880
5 0.120683 0.145240 0.101551 0.208107
5 0.224788 0.144287 0.102420 0.209080
5 0.321070 0.171107 0.082678 0.155440
5 0.405889 0.170760 0.081624 0.158880
5 0.497647 0.150480 0.098687 0.195333
5 0.587797 0.172487 0.077353 0.156813
5 0.667011 0.171107 0.076815 0.155440
6 0.761696 0.150473 0.105088 0.199453
6 0.849984 0.186240 0.067208 0.127920
6 0.918537 0.187620 0.065615 0.127933
1 0.133061 0.501240 0.116649 0.192000
1 0.262616 0.500053 0.113878 0.189627
1 0.383413 0.500940 0.116649 0.190227
1 0.508123 0.502427 0.118025 0.195573
1 0.622006 0.518480 0.093133 0.152773
1 0.712834 0.518780 0.088521 0.158120
1 0.805274 0.517887 0.093588 0.153960
1 0.903707 0.517887 0.092213 0.157533
1 0.138133 0.868307 0.091758 0.162880
1 0.230341 0.867127 0.089907 0.158120
1 0.320936 0.868907 0.089442 0.161680
1 0.419142 0.867720 0.092203 0.159307
1 0.515274 0.868313 0.093588 0.158120
1 0.707761 0.877227 0.073764 0.146240
1 0.785677 0.878120 0.076525 0.142080
1 0.860134 0.880200 0.069617 0.137920
1 0.934592 0.880500 0.072844 0.137320
