9 0.129733 0.095392 0.101333 0.121997
9 0.223658 0.111961 0.079917 0.093081
9 0.305225 0.111961 0.076617 0.087432
9 0.378142 0.120071 0.070850 0.069815
9 0.461350 0.093631 0.098867 0.121298
9 0.549092 0.106676 0.074983 0.093780
9 0.626950 0.109144 0.075800 0.091669
9 0.699858 0.122190 0.063450 0.072625
9 0.770300 0.107382 0.079100 0.095193
9 0.846925 0.114073 0.059317 0.083210
9 0.905833 0.114080 0.055200 0.077575
7 0.139208 0.493916 0.109650 0.125549
7 0.238542 0.505185 0.086150 0.105435
7 0.319008 0.525913 0.063383 0.065207
9 0.397333 0.494223 0.098967 0.124936
9 0.508417 0.504886 0.086167 0.110913
9 0.607742 0.504579 0.085450 0.100571
9 0.694617 0.520121 0.065500 0.079244
8 0.768317 0.505492 0.066233 0.106049
0 0.167933 0.690093 0.110100 0.121555
0 0.286533 0.688959 0.107933 0.123823
0 0.399042 0.687589 0.104250 0.125649
0 0.515525 0.687817 0.106383 0.127019
0 0.626192 0.688959 0.109617 0.122910
0 0.739200 0.688046 0.106933 0.128388
0 0.853017 0.689643 0.106900 0.128845
0 0.168375 0.870164 0.103817 0.126234
0 0.275067 0.870863 0.101333 0.123409
0 0.381350 0.871926 0.109567 0.119886
0 0.488042 0.871220 0.102150 0.124123
0 0.586492 0.888852 0.088150 0.090257
0 0.686600 0.890257 0.092267 0.094494
0 0.784225 0.887789 0.091450 0.089558
0 0.878975 0.887767 0.094750 0.088088
